0.000000000000000000e+00 1.149318499999999972e+02
1.000000000000000000e+00 1.292424000000000035e+02
2.000000000000000000e+00 1.456143600000000049e+02
3.000000000000000000e+00 1.551552499999999952e+02
4.000000000000000000e+00 1.573642399999999952e+02
5.000000000000000000e+00 1.912076833333329944e+02
6.000000000000000000e+00 2.161513199999999983e+02
7.000000000000000000e+00 2.427821833333329948e+02
1.100000000000000000e+01 2.621114999999999782e+02
1.300000000000000000e+01 2.981492799999999761e+02
1.500000000000000000e+01 3.097861199999999826e+02
1.800000000000000000e+01 3.046647800000000075e+02
2.000000000000000000e+01 3.626464500000000157e+02
2.200000000000000000e+01 5.151970700000000534e+02
2.500000000000000000e+01 6.672981466666669803e+02
2.700000000000000000e+01 9.975403199999999515e+02
2.900000000000000000e+01 1.328833869999999933e+03
3.200000000000000000e+01 1.562664960000000065e+03
3.400000000000000000e+01 1.929523719999999912e+03
3.600000000000000000e+01 2.347770149999999830e+03
3.900000000000000000e+01 2.584052533333329848e+03
