0.000000000000000000e+00 1.210799700000000030e+02
1.000000000000000000e+00 1.390030899999999860e+02
2.000000000000000000e+00 1.701503199999999936e+02
3.000000000000000000e+00 1.463684833333329891e+02
4.000000000000000000e+00 1.538929699999999912e+02
5.000000000000000000e+00 1.972966666666669937e+02
6.000000000000000000e+00 1.971291999999999973e+02
7.000000000000000000e+00 2.055224200000000110e+02
1.100000000000000000e+01 2.384830000000000041e+02
1.300000000000000000e+01 5.946045299999999543e+02
1.500000000000000000e+01 5.157973333333329720e+02
1.800000000000000000e+01 6.436183600000000524e+02
2.000000000000000000e+01 6.032520899999999529e+02
2.200000000000000000e+01 8.753817599999999857e+02
2.500000000000000000e+01 9.442388200000000325e+02
2.700000000000000000e+01 1.049152499999999918e+03
2.900000000000000000e+01 1.272403360000000021e+03
3.200000000000000000e+01 1.274719110000000001e+03
3.400000000000000000e+01 2.072661666666670044e+03
3.600000000000000000e+01 1.955304166666669971e+03
3.900000000000000000e+01 2.305855860000000121e+03
4.100000000000000000e+01 2.280464773333329958e+03
