0.000000000000000000e+00 1.335912999999999897e+02
1.000000000000000000e+00 1.589625000000000057e+02
2.000000000000000000e+00 1.632716266666670037e+02
3.000000000000000000e+00 1.741475399999999922e+02
4.000000000000000000e+00 2.073263499999999908e+02
5.000000000000000000e+00 2.626939699999999789e+02
6.000000000000000000e+00 3.559001600000000280e+02
7.000000000000000000e+00 3.826822666666669761e+02
1.100000000000000000e+01 4.725558700000000272e+02
1.300000000000000000e+01 5.242669600000000401e+02
1.500000000000000000e+01 5.899777400000000398e+02
1.800000000000000000e+01 7.983575600000000350e+02
2.000000000000000000e+01 8.398008499999999685e+02
2.200000000000000000e+01 1.145553640000000087e+03
2.500000000000000000e+01 1.280239229999999907e+03
2.700000000000000000e+01 1.419541666666669926e+03
2.900000000000000000e+01 1.603613700000000108e+03
3.200000000000000000e+01 1.867872959999999921e+03
3.400000000000000000e+01 2.138214399999999841e+03
3.600000000000000000e+01 2.437318240000000060e+03
3.900000000000000000e+01 2.318186639999999898e+03
