0.000000000000000000e+00 1.100428699999999935e+02
1.000000000000000000e+00 8.237789999999999679e+01
2.000000000000000000e+00 9.432298333333329765e+01
3.000000000000000000e+00 1.074816766666669992e+02
4.000000000000000000e+00 1.047645299999999935e+02
5.000000000000000000e+00 1.072037866666669998e+02
6.000000000000000000e+00 1.308579300000000103e+02
7.000000000000000000e+00 1.602341999999999871e+02
1.100000000000000000e+01 1.598809500000000128e+02
1.300000000000000000e+01 2.176396799999999985e+02
1.500000000000000000e+01 1.469854933333330109e+02
1.800000000000000000e+01 1.350121499999999912e+02
2.000000000000000000e+01 1.267775000000000034e+02
2.200000000000000000e+01 3.179250000000000114e+02
2.500000000000000000e+01 3.510315899999999942e+02
2.700000000000000000e+01 3.858432000000000244e+02
2.900000000000000000e+01 7.141301999999999452e+02
3.200000000000000000e+01 1.055105416666669953e+03
3.400000000000000000e+01 9.115435700000000452e+02
3.600000000000000000e+01 1.374499413333330040e+03
3.900000000000000000e+01 1.158269070000000056e+03
4.100000000000000000e+01 1.215895919999999933e+03
