0.000000000000000000e+00 1.129144000000000005e+02
1.000000000000000000e+00 1.244329666666669993e+02
2.000000000000000000e+00 1.605167999999999893e+02
3.000000000000000000e+00 1.859691166666669915e+02
4.000000000000000000e+00 1.872695999999999970e+02
5.000000000000000000e+00 2.338043999999999869e+02
6.000000000000000000e+00 1.989661000000000115e+02
7.000000000000000000e+00 2.574517399999999725e+02
1.100000000000000000e+01 2.612898666666670238e+02
1.300000000000000000e+01 4.023030800000000227e+02
1.500000000000000000e+01 4.548028333333330124e+02
1.800000000000000000e+01 5.716977066666670453e+02
2.000000000000000000e+01 8.256331699999999501e+02
2.200000000000000000e+01 7.277326799999999594e+02
2.500000000000000000e+01 7.942713733333340542e+02
2.700000000000000000e+01 9.471621599999999717e+02
2.900000000000000000e+01 1.404592650000000049e+03
3.200000000000000000e+01 1.230688983333330043e+03
3.400000000000000000e+01 1.360955546666669989e+03
3.600000000000000000e+01 1.331761919999999918e+03
3.900000000000000000e+01 1.361271639999999934e+03
4.100000000000000000e+01 1.444721849999999904e+03
