0.000000000000000000e+00 1.470540499999999895e+02
1.000000000000000000e+00 1.756751500000000021e+02
2.000000000000000000e+00 1.912825200000000052e+02
3.000000000000000000e+00 1.951824000000000012e+02
4.000000000000000000e+00 1.991937499999999943e+02
5.000000000000000000e+00 2.201532500000000141e+02
6.000000000000000000e+00 2.628603899999999953e+02
7.000000000000000000e+00 2.565353833333330158e+02
9.000000000000000000e+00 2.832070666666670036e+02
1.100000000000000000e+01 3.328242999999999938e+02
1.400000000000000000e+01 4.912749800000000278e+02
1.700000000000000000e+01 6.408818499999999858e+02
2.000000000000000000e+01 9.042572000000000116e+02
2.300000000000000000e+01 1.034039680000000089e+03
2.600000000000000000e+01 1.266990000000000009e+03
2.900000000000000000e+01 1.433389066666670033e+03
3.200000000000000000e+01 1.695298559999999952e+03
