0.000000000000000000e+00 1.307260499999999865e+02
1.000000000000000000e+00 1.390030899999999860e+02
2.000000000000000000e+00 1.531969366666669998e+02
3.000000000000000000e+00 1.573642399999999952e+02
4.000000000000000000e+00 2.073263499999999908e+02
5.000000000000000000e+00 2.077879299999999887e+02
6.000000000000000000e+00 2.479815000000000111e+02
7.000000000000000000e+00 2.330837699999999870e+02
1.100000000000000000e+01 2.389189366666670082e+02
1.300000000000000000e+01 3.483516000000000190e+02
1.500000000000000000e+01 3.328242999999999938e+02
1.800000000000000000e+01 4.298005833333330088e+02
2.000000000000000000e+01 4.426772000000000276e+02
2.200000000000000000e+01 4.973283766666669976e+02
2.500000000000000000e+01 5.818990433333329975e+02
2.700000000000000000e+01 6.165201600000000326e+02
2.900000000000000000e+01 7.613191666666670017e+02
3.200000000000000000e+01 7.277326799999999594e+02
3.400000000000000000e+01 7.352456533333330526e+02
3.600000000000000000e+01 9.222368400000000292e+02
3.900000000000000000e+01 1.005846666666669989e+03
4.100000000000000000e+01 1.466141883333330043e+03
