0.000000000000000000e+00 9.438212000000000046e+01
1.000000000000000000e+00 9.664919999999999334e+01
2.000000000000000000e+00 1.127574000000000041e+02
3.000000000000000000e+00 1.366528000000000134e+02
4.000000000000000000e+00 2.077879299999999887e+02
5.000000000000000000e+00 2.251374766666669984e+02
6.000000000000000000e+00 2.387577499999999873e+02
7.000000000000000000e+00 2.473283800000000099e+02
1.100000000000000000e+01 2.827805500000000052e+02
1.300000000000000000e+01 2.985402100000000019e+02
1.500000000000000000e+01 3.152120400000000018e+02
1.800000000000000000e+01 4.213016499999999951e+02
2.000000000000000000e+01 5.040673400000000015e+02
2.200000000000000000e+01 6.907162666666670248e+02
2.500000000000000000e+01 8.857207333333329871e+02
2.700000000000000000e+01 1.082646880000000010e+03
2.900000000000000000e+01 1.114597950000000083e+03
3.200000000000000000e+01 1.526554959999999937e+03
3.400000000000000000e+01 1.924689166666669962e+03
3.600000000000000000e+01 2.227105183333329933e+03
3.900000000000000000e+01 2.485223649999999907e+03
