0.000000000000000000e+00 1.129144000000000005e+02
1.000000000000000000e+00 1.339236166666669874e+02
2.000000000000000000e+00 1.534753499999999917e+02
3.000000000000000000e+00 1.679852899999999920e+02
4.000000000000000000e+00 1.872695999999999970e+02
5.000000000000000000e+00 1.538233666666669990e+02
6.000000000000000000e+00 2.163852500000000134e+02
7.000000000000000000e+00 2.206242499999999893e+02
1.100000000000000000e+01 1.666816666666670130e+02
1.300000000000000000e+01 9.518805333333330054e+01
1.500000000000000000e+01 1.277587500000000063e+02
1.800000000000000000e+01 1.899071999999999889e+02
2.000000000000000000e+01 2.580237433333330159e+02
2.200000000000000000e+01 3.021559199999999805e+02
2.500000000000000000e+01 3.028404400000000010e+02
2.700000000000000000e+01 2.449592499999999973e+02
2.900000000000000000e+01 2.547576200000000028e+02
3.200000000000000000e+01 3.089665800000000218e+02
3.400000000000000000e+01 3.440618366666669772e+02
3.600000000000000000e+01 3.687930000000000064e+02
3.900000000000000000e+01 3.942249066666669819e+02
4.100000000000000000e+01 4.051353599999999915e+02
