0.000000000000000000e+00 1.019872000000000014e+02
1.000000000000000000e+00 1.100428699999999935e+02
2.000000000000000000e+00 9.930249999999999488e+01
3.000000000000000000e+00 1.308249600000000044e+02
4.000000000000000000e+00 1.435843500000000006e+02
5.000000000000000000e+00 1.534753499999999917e+02
6.000000000000000000e+00 1.303304100000000005e+02
7.000000000000000000e+00 1.339236166666669874e+02
1.100000000000000000e+01 1.262279999999999944e+02
1.300000000000000000e+01 1.246286933333330040e+02
1.500000000000000000e+01 1.072037866666669998e+02
1.800000000000000000e+01 1.265760166666670017e+02
2.000000000000000000e+01 2.287364399999999875e+02
2.200000000000000000e+01 2.327132499999999879e+02
2.500000000000000000e+01 2.712536099999999806e+02
2.700000000000000000e+01 3.360302399999999921e+02
2.900000000000000000e+01 6.712273333333330356e+02
3.200000000000000000e+01 7.161628266666670015e+02
3.400000000000000000e+01 7.838334899999999834e+02
3.600000000000000000e+01 7.593744599999999991e+02
3.900000000000000000e+01 1.367331840000000057e+03
4.100000000000000000e+01 1.568500649999999951e+03
