0.000000000000000000e+00 9.664919999999999334e+01
1.000000000000000000e+00 9.948305000000000575e+01
2.000000000000000000e+00 1.130400000000000063e+02
3.000000000000000000e+00 1.276933333333330012e+02
4.000000000000000000e+00 1.468483799999999917e+02
5.000000000000000000e+00 1.679852899999999920e+02
6.000000000000000000e+00 2.204279999999999973e+02
7.000000000000000000e+00 2.431066500000000019e+02
1.100000000000000000e+01 3.429774899999999889e+02
1.300000000000000000e+01 4.267819966666669984e+02
1.500000000000000000e+01 6.143954266666670492e+02
1.800000000000000000e+01 6.776748000000000047e+02
2.000000000000000000e+01 1.008599399999999946e+03
2.200000000000000000e+01 1.116835199999999986e+03
2.500000000000000000e+01 1.468728720000000067e+03
2.700000000000000000e+01 1.684239479999999958e+03
2.900000000000000000e+01 1.862248696666669957e+03
3.200000000000000000e+01 2.184122769999999946e+03
3.400000000000000000e+01 2.445667500000000018e+03
3.600000000000000000e+01 2.691926710000000185e+03
3.900000000000000000e+01 3.004147899999999936e+03
