0.000000000000000000e+00 2.013993484109767564e+02
2.000000000000000000e+00 2.324659868262162377e+02
3.000000000000000000e+00 2.571262055571371548e+02
5.000000000000000000e+00 2.352706770585892571e+02
6.000000000000000000e+00 2.333471463710712044e+02
8.000000000000000000e+00 2.402131551691370532e+02
9.000000000000000000e+00 1.928030090446240195e+02
1.100000000000000000e+01 3.166038203764022683e+02
1.300000000000000000e+01 2.004347349899036033e+02
1.400000000000000000e+01 2.860903568943865594e+02
1.600000000000000000e+01 2.881956964878374947e+02
1.700000000000000000e+01 3.415170804653700429e+02
1.900000000000000000e+01 3.208613911781188790e+02
2.100000000000000000e+01 3.200521068805414870e+02
2.200000000000000000e+01 3.127428046415048470e+02
2.400000000000000000e+01 2.937256117390203940e+02
2.500000000000000000e+01 3.398196933574656100e+02
2.700000000000000000e+01 4.616070376411772145e+02
2.800000000000000000e+01 4.277452644865296065e+02
3.000000000000000000e+01 4.412534543095697472e+02
