0.000000000000000000e+00 2.335453849355728266e+02
2.000000000000000000e+00 1.934031986673800247e+02
3.000000000000000000e+00 2.620710441845898231e+02
5.000000000000000000e+00 2.429502941705624721e+02
6.000000000000000000e+00 2.200830542408886572e+02
8.000000000000000000e+00 1.603446513552679846e+02
9.000000000000000000e+00 1.830931024605182529e+02
1.100000000000000000e+01 1.603645614120904384e+02
1.300000000000000000e+01 2.211729599393744650e+02
1.400000000000000000e+01 1.316172850764875477e+02
1.600000000000000000e+01 2.054689873315885222e+02
1.700000000000000000e+01 2.530725602274386574e+02
1.900000000000000000e+01 2.178739810678169420e+02
2.100000000000000000e+01 2.354356200751340111e+02
2.200000000000000000e+01 2.057499453484664684e+02
2.400000000000000000e+01 2.431931306989325492e+02
2.500000000000000000e+01 2.817014361851660169e+02
2.700000000000000000e+01 3.514136379751939785e+02
2.800000000000000000e+01 3.396882719027769326e+02
3.000000000000000000e+01 3.710236043669738137e+02
