0.000000000000000000e+00 6.431244601929647331e+01
2.000000000000000000e+00 1.041106183839684149e+02
3.000000000000000000e+00 9.273068236464877145e+01
5.000000000000000000e+00 9.360566609804071447e+01
6.000000000000000000e+00 1.023399953167966743e+02
8.000000000000000000e+00 1.147761681164629408e+02
9.000000000000000000e+00 6.788387871853696254e+01
1.100000000000000000e+01 7.135339817157543507e+01
1.300000000000000000e+01 4.834650152745278717e+01
1.400000000000000000e+01 5.700233879949029614e+01
1.600000000000000000e+01 4.916149399952568189e+01
1.700000000000000000e+01 6.180577809190037897e+01
1.900000000000000000e+01 1.062849101604866888e+02
2.100000000000000000e+01 9.539890229127912846e+01
2.200000000000000000e+01 1.401410591006761877e+02
2.400000000000000000e+01 7.742186847973567865e+01
2.500000000000000000e+01 1.885919616003907606e+02
2.700000000000000000e+01 1.545905657970625384e+02
2.800000000000000000e+01 1.904601578308639773e+02
3.000000000000000000e+01 2.121408679959956487e+02
