0.000000000000000000e+00 1.923836163334045750e+02
2.000000000000000000e+00 2.384966997564925748e+02
3.000000000000000000e+00 2.179892224666353968e+02
5.000000000000000000e+00 3.091163063760000682e+02
6.000000000000000000e+00 2.046283937575736331e+02
8.000000000000000000e+00 2.758900135215881733e+02
9.000000000000000000e+00 2.196655787558422901e+02
1.100000000000000000e+01 2.972336509236156417e+02
1.300000000000000000e+01 2.254789193875938054e+02
1.400000000000000000e+01 3.592820136475964432e+02
1.600000000000000000e+01 2.574638956775503971e+02
1.700000000000000000e+01 3.734924014118722653e+02
1.900000000000000000e+01 4.311758896743272089e+02
2.100000000000000000e+01 4.768748988722770150e+02
2.200000000000000000e+01 5.149130254974051013e+02
2.400000000000000000e+01 5.780632074284288819e+02
2.500000000000000000e+01 6.458337508103295477e+02
2.700000000000000000e+01 6.786977450914901056e+02
2.800000000000000000e+01 6.808737225117846492e+02
3.000000000000000000e+01 6.790775931127564036e+02
