0.000000000000000000e+00 1.703533924082322244e+02
2.000000000000000000e+00 1.839947902332399678e+02
3.000000000000000000e+00 1.307371601259785052e+02
5.000000000000000000e+00 1.277027790266971721e+02
6.000000000000000000e+00 1.201939023230333277e+02
8.000000000000000000e+00 7.960176384811485661e+01
9.000000000000000000e+00 6.733612944226820218e+01
1.100000000000000000e+01 7.839417378139908976e+01
1.300000000000000000e+01 6.590266144270179893e+01
1.400000000000000000e+01 8.280976259942501372e+01
1.600000000000000000e+01 1.200438626615469673e+02
1.700000000000000000e+01 6.834924875158012014e+01
1.900000000000000000e+01 6.492549720425820681e+01
2.100000000000000000e+01 1.013415134095972121e+02
2.200000000000000000e+01 5.977026387419610387e+01
2.400000000000000000e+01 1.120349901057483635e+02
2.500000000000000000e+01 8.361893041706761664e+01
2.700000000000000000e+01 1.160369314287516289e+02
2.800000000000000000e+01 1.222637793087808689e+02
3.000000000000000000e+01 1.503224797674083391e+02
