0.000000000000000000e+00 1.713419499999999971e+02
1.000000000000000000e+00 1.818185599999999909e+02
2.000000000000000000e+00 1.929216000000000122e+02
3.000000000000000000e+00 2.182692499999999995e+02
4.000000000000000000e+00 1.982831500000000062e+02
5.000000000000000000e+00 2.073263499999999908e+02
6.000000000000000000e+00 1.749477166666669916e+02
7.000000000000000000e+00 1.594570500000000095e+02
1.100000000000000000e+01 1.818185599999999909e+02
1.300000000000000000e+01 2.022102433333330112e+02
1.500000000000000000e+01 2.476957600000000070e+02
1.800000000000000000e+01 3.386071333333330244e+02
2.000000000000000000e+01 3.776949000000000183e+02
2.200000000000000000e+01 5.052511200000000144e+02
2.500000000000000000e+01 7.944199999999999591e+02
2.700000000000000000e+01 9.735962500000000546e+02
2.900000000000000000e+01 1.436026666666670053e+03
3.200000000000000000e+01 1.661688000000000102e+03
3.400000000000000000e+01 1.873637999999999920e+03
3.600000000000000000e+01 2.308050720000000183e+03
3.900000000000000000e+01 2.202716803333330063e+03
