0.000000000000000000e+00 2.142455220337099036e+02
2.000000000000000000e+00 2.339868018180847287e+02
3.000000000000000000e+00 1.787724585934368235e+02
5.000000000000000000e+00 1.274182762404571605e+02
6.000000000000000000e+00 9.142853727956477883e+01
8.000000000000000000e+00 7.923213597924547003e+01
9.000000000000000000e+00 8.610450111939050544e+01
1.100000000000000000e+01 3.097609571905150716e+01
1.300000000000000000e+01 2.071518023163910982e+01
1.400000000000000000e+01 2.912228655567749058e+01
1.600000000000000000e+01 3.189832976436006362e+01
1.700000000000000000e+01 4.173797345940461412e+01
1.900000000000000000e+01 6.003897773350691125e+01
2.100000000000000000e+01 3.700413256380144844e+00
2.200000000000000000e+01 5.788902226380368887e+01
2.400000000000000000e+01 4.130540583903399465e+01
2.500000000000000000e+01 9.999999999999999547e-07
2.700000000000000000e+01 3.953182741710693904e+01
2.800000000000000000e+01 3.672818074044987213e+01
3.000000000000000000e+01 7.682781988783496274e+01
