0.000000000000000000e+00 1.401514161757847887e+02
2.000000000000000000e+00 2.170875707260977663e+02
3.000000000000000000e+00 2.507009334748618983e+02
5.000000000000000000e+00 2.371003761567974379e+02
6.000000000000000000e+00 1.413815728761308321e+02
8.000000000000000000e+00 1.903641181760632435e+02
9.000000000000000000e+00 1.508436592700835490e+02
1.100000000000000000e+01 1.982916941726620053e+02
1.300000000000000000e+01 2.201900071786766659e+02
1.400000000000000000e+01 2.380823805791591212e+02
1.600000000000000000e+01 2.615111254945954329e+02
1.700000000000000000e+01 2.509351520888304208e+02
1.900000000000000000e+01 3.226162726518153931e+02
2.100000000000000000e+01 3.816940468441517851e+02
2.200000000000000000e+01 3.615153899674041327e+02
2.400000000000000000e+01 5.028165441986843689e+02
2.500000000000000000e+01 5.400364242300811384e+02
2.700000000000000000e+01 4.974344272224804513e+02
2.800000000000000000e+01 5.963960514882254529e+02
3.000000000000000000e+01 6.625786918151432019e+02
