0.000000000000000000e+00 1.553058581348452094e+02
2.000000000000000000e+00 1.616593493042398677e+02
3.000000000000000000e+00 1.635375711292805931e+02
5.000000000000000000e+00 1.983032318085838313e+02
6.000000000000000000e+00 1.772974011849332499e+02
8.000000000000000000e+00 1.231536843533249481e+02
9.000000000000000000e+00 8.650092003754139114e+01
1.100000000000000000e+01 1.104460958399644852e+02
1.300000000000000000e+01 9.105768159273603146e+01
1.400000000000000000e+01 1.003404767638336210e+02
1.600000000000000000e+01 1.480559145303731157e+02
1.700000000000000000e+01 9.278465396928774567e+01
1.900000000000000000e+01 1.198503394810787626e+02
2.100000000000000000e+01 8.741749690640986614e+01
2.200000000000000000e+01 1.320975958378956534e+02
2.400000000000000000e+01 1.513741480505033508e+02
2.500000000000000000e+01 1.405867838008165904e+02
2.700000000000000000e+01 1.256728504767357464e+02
2.800000000000000000e+01 1.737721504351083581e+02
3.000000000000000000e+01 1.978692875680897885e+02
