0.000000000000000000e+00 2.277025609524562526e+02
2.000000000000000000e+00 2.035995918184089817e+02
3.000000000000000000e+00 2.039798579220414183e+02
5.000000000000000000e+00 1.704860844723983746e+02
6.000000000000000000e+00 7.014470840256427664e+01
8.000000000000000000e+00 9.681149526607335076e+01
9.000000000000000000e+00 6.865581365463367547e+01
1.100000000000000000e+01 9.013444531208682520e+01
1.300000000000000000e+01 4.390990892637235277e+01
1.400000000000000000e+01 5.190729322199853613e+01
1.600000000000000000e+01 8.178601043857582908e+01
1.700000000000000000e+01 5.530956139720083797e+01
1.900000000000000000e+01 4.653908952519415010e+01
2.100000000000000000e+01 2.530352827286273865e+01
2.200000000000000000e+01 3.749095488602150539e+01
2.400000000000000000e+01 9.999999999999999547e-07
2.500000000000000000e+01 1.432859457703120754e+01
2.700000000000000000e+01 4.872035227647521793e+01
2.800000000000000000e+01 9.999999999999999547e-07
3.000000000000000000e+01 4.107391730066500202e+01
