0.000000000000000000e+00 9.164194666666669775e+01
1.000000000000000000e+00 9.085066666666669732e+01
2.000000000000000000e+00 1.141086466666669992e+02
3.000000000000000000e+00 1.325943499999999915e+02
4.000000000000000000e+00 1.863432999999999993e+02
5.000000000000000000e+00 2.382396500000000117e+02
6.000000000000000000e+00 2.530211999999999932e+02
7.000000000000000000e+00 2.674306599999999889e+02
1.100000000000000000e+01 2.746872000000000185e+02
1.300000000000000000e+01 3.132662866666669856e+02
