0.000000000000000000e+00 1.745840000000000032e+02
1.000000000000000000e+00 2.095887199999999950e+02
2.000000000000000000e+00 2.193682499999999891e+02
3.000000000000000000e+00 3.722783999999999764e+02
4.000000000000000000e+00 4.233567800000000148e+02
5.000000000000000000e+00 4.348115000000000236e+02
6.000000000000000000e+00 4.629615999999999758e+02
7.000000000000000000e+00 4.263586199999999735e+02
1.100000000000000000e+01 4.052693333333330088e+02
1.300000000000000000e+01 3.485776799999999866e+02
1.500000000000000000e+01 3.209917333333330021e+02
1.800000000000000000e+01 2.416931266666670126e+02
2.000000000000000000e+01 1.718836000000000013e+02
2.200000000000000000e+01 2.176396799999999985e+02
2.500000000000000000e+01 2.712536099999999806e+02
2.700000000000000000e+01 3.720774400000000242e+02
2.900000000000000000e+01 3.997471199999999953e+02
3.200000000000000000e+01 3.920227199999999925e+02
3.400000000000000000e+01 4.154643899999999803e+02
3.600000000000000000e+01 4.830277699999999754e+02
3.900000000000000000e+01 5.827251773333330220e+02
4.100000000000000000e+01 8.088451599999999644e+02
