0.000000000000000000e+00 1.370547200000000032e+02
1.000000000000000000e+00 1.912825200000000052e+02
2.000000000000000000e+00 2.721490333333330227e+02
3.000000000000000000e+00 2.832923700000000053e+02
4.000000000000000000e+00 3.492072499999999877e+02
5.000000000000000000e+00 2.760436799999999948e+02
6.000000000000000000e+00 3.632980000000000018e+02
7.000000000000000000e+00 3.503062499999999773e+02
1.100000000000000000e+01 2.720495999999999981e+02
1.300000000000000000e+01 2.835812500000000114e+02
1.500000000000000000e+01 3.094784000000000219e+02
1.800000000000000000e+01 2.007967199999999934e+02
2.000000000000000000e+01 1.431761500000000069e+02
2.200000000000000000e+01 2.445013333333330081e+02
2.500000000000000000e+01 2.235303199999999890e+02
2.700000000000000000e+01 2.325750899999999888e+02
2.900000000000000000e+01 2.722379999999999995e+02
3.200000000000000000e+01 3.468129999999999882e+02
3.400000000000000000e+01 3.606855199999999968e+02
3.600000000000000000e+01 3.756837300000000255e+02
3.900000000000000000e+01 4.564979099999999903e+02
4.100000000000000000e+01 5.859993600000000242e+02
4.300000000000000000e+01 5.547165866666670127e+02
