0.000000000000000000e+00 1.268685600000000022e+02
1.000000000000000000e+00 1.331359999999999957e+02
2.000000000000000000e+00 1.594282666666670139e+02
3.000000000000000000e+00 2.092893733333330033e+02
4.000000000000000000e+00 2.494478799999999978e+02
5.000000000000000000e+00 2.709568800000000124e+02
6.000000000000000000e+00 2.685830399999999827e+02
7.000000000000000000e+00 3.085991999999999962e+02
1.100000000000000000e+01 2.589285866666670017e+02
1.300000000000000000e+01 2.593624300000000176e+02
1.500000000000000000e+01 2.391319333333329951e+02
1.800000000000000000e+01 1.427737066666670103e+02
2.000000000000000000e+01 1.435843500000000006e+02
2.200000000000000000e+01 2.351608799999999917e+02
2.500000000000000000e+01 2.506520700000000090e+02
2.700000000000000000e+01 2.411519999999999868e+02
2.900000000000000000e+01 2.437848899999999901e+02
3.200000000000000000e+01 2.843332800000000020e+02
3.400000000000000000e+01 2.547576200000000028e+02
3.600000000000000000e+01 2.088979199999999992e+02
3.900000000000000000e+01 2.203186233333329938e+02
4.100000000000000000e+01 3.135164399999999887e+02
4.300000000000000000e+01 2.949245000000000232e+02
4.600000000000000000e+01 2.812089799999999968e+02
