0.000000000000000000e+00 1.499036000000000115e+02
1.000000000000000000e+00 2.340446100000000058e+02
2.000000000000000000e+00 2.668999999999999773e+02
3.000000000000000000e+00 3.367964000000000055e+02
4.000000000000000000e+00 3.144160499999999843e+02
5.000000000000000000e+00 3.878920499999999834e+02
6.000000000000000000e+00 3.751750499999999988e+02
7.000000000000000000e+00 4.482454666666670278e+02
1.100000000000000000e+01 3.251731666666669867e+02
1.300000000000000000e+01 3.728477866666669911e+02
1.500000000000000000e+01 2.780783999999999878e+02
1.800000000000000000e+01 2.570100466666669945e+02
2.000000000000000000e+01 2.537041499999999985e+02
2.200000000000000000e+01 3.027964799999999741e+02
2.500000000000000000e+01 2.031354966666669952e+02
2.700000000000000000e+01 1.843776599999999917e+02
2.900000000000000000e+01 1.846686333333329912e+02
3.200000000000000000e+01 1.846686333333329912e+02
3.400000000000000000e+01 2.848142233333330182e+02
3.600000000000000000e+01 4.975314300000000003e+02
3.900000000000000000e+01 5.337999999999999545e+02
4.100000000000000000e+01 6.043683600000000524e+02
4.300000000000000000e+01 6.056599466666669969e+02
4.600000000000000000e+01 6.770556966666670178e+02
4.800000000000000000e+01 6.452825599999999895e+02
5.000000000000000000e+01 6.590807666666670457e+02
