0.000000000000000000e+00 1.208314196707276835e+02
2.000000000000000000e+00 1.042553258285295215e+02
3.000000000000000000e+00 1.423360694223796656e+02
5.000000000000000000e+00 9.813093943864191715e+01
6.000000000000000000e+00 5.428654228952157723e+01
8.000000000000000000e+00 1.169290716702039390e+02
9.000000000000000000e+00 1.114866383588370553e+02
1.100000000000000000e+01 1.449976491414921327e+02
1.300000000000000000e+01 6.947170140542743866e+01
1.400000000000000000e+01 8.949778853566752446e+01
1.600000000000000000e+01 8.247514590456636085e+01
1.700000000000000000e+01 1.373781103401238681e+02
1.900000000000000000e+01 1.942495293075816107e+02
2.100000000000000000e+01 1.907319893956520502e+02
2.200000000000000000e+01 1.939228237862965614e+02
2.400000000000000000e+01 2.222855897446607685e+02
2.500000000000000000e+01 1.997040938971756532e+02
2.700000000000000000e+01 3.001825156335189035e+02
2.800000000000000000e+01 2.901469226768571161e+02
3.000000000000000000e+01 3.801776188561414642e+02
