0.000000000000000000e+00 2.218617770830497875e+02
2.000000000000000000e+00 1.278163730288514301e+02
3.000000000000000000e+00 1.467065359922406174e+02
5.000000000000000000e+00 8.250044938063371092e+01
6.000000000000000000e+00 1.058829680334056320e+02
8.000000000000000000e+00 8.155363000578405774e+01
9.000000000000000000e+00 4.271520883897371590e+01
1.100000000000000000e+01 7.978140423031101136e+01
1.300000000000000000e+01 3.128605375700742997e+01
1.400000000000000000e+01 5.100099728162707891e+01
1.600000000000000000e+01 6.565750780227925532e+01
1.700000000000000000e+01 3.392569575232023737e+01
1.900000000000000000e+01 7.227927248028822760e+01
2.100000000000000000e+01 3.804658909321999261e+01
2.200000000000000000e+01 5.026715357753889180e+01
2.400000000000000000e+01 5.696397103956585539e+01
2.500000000000000000e+01 7.423671150892593573e+01
2.700000000000000000e+01 9.965113216914954819e+01
2.800000000000000000e+01 4.585702370054409016e+01
3.000000000000000000e+01 4.601126267012470805e+01
