0.000000000000000000e+00 2.300664366188309486e+02
2.000000000000000000e+00 2.383271953023568699e+02
3.000000000000000000e+00 2.044872256152606553e+02
5.000000000000000000e+00 8.304489758802793631e+01
6.000000000000000000e+00 5.904576982003649732e+01
8.000000000000000000e+00 1.244347809796145654e+01
9.000000000000000000e+00 9.576442211898073253e+01
1.100000000000000000e+01 1.940661735244344754e+01
1.300000000000000000e+01 2.374716661071800061e+01
1.400000000000000000e+01 1.312363358377731792e+01
1.600000000000000000e+01 2.550837620028433150e+01
1.700000000000000000e+01 9.999999999999999547e-07
1.900000000000000000e+01 4.881662504275780634e+00
2.100000000000000000e+01 9.999999999999999547e-07
2.200000000000000000e+01 9.999999999999999547e-07
2.400000000000000000e+01 2.546475254645793740e+01
2.500000000000000000e+01 3.823312641578559123e+01
2.700000000000000000e+01 4.315259722896640682e+01
2.800000000000000000e+01 5.846009122143643566e+01
3.000000000000000000e+01 4.483055201750411811e+01
