0.000000000000000000e+00 1.179309323997974843e+02
2.000000000000000000e+00 1.089762118118741228e+02
3.000000000000000000e+00 1.660531607775990608e+02
5.000000000000000000e+00 1.670160588651309297e+02
6.000000000000000000e+00 1.574127620729474017e+02
8.000000000000000000e+00 1.050693705501369948e+02
9.000000000000000000e+00 1.296719407950414222e+02
1.100000000000000000e+01 1.448144311820734060e+02
1.300000000000000000e+01 1.477606062630249824e+02
1.400000000000000000e+01 1.417977349170707839e+02
1.600000000000000000e+01 1.948893987302373318e+02
1.700000000000000000e+01 1.709139729360990430e+02
1.900000000000000000e+01 2.563293663290846212e+02
2.100000000000000000e+01 3.067218637052013150e+02
2.200000000000000000e+01 3.259209484494651292e+02
2.400000000000000000e+01 3.346303941005824640e+02
2.500000000000000000e+01 3.570011634755642831e+02
2.700000000000000000e+01 4.501429430522142638e+02
2.800000000000000000e+01 5.297423847342828367e+02
3.000000000000000000e+01 4.846135337884920204e+02
