0.000000000000000000e+00 1.523881531761744839e+02
2.000000000000000000e+00 1.251667873308943513e+02
3.000000000000000000e+00 1.429327329147278078e+02
5.000000000000000000e+00 5.842348224727549422e+01
6.000000000000000000e+00 6.052982891610133009e+01
8.000000000000000000e+00 5.353588810337599568e+01
9.000000000000000000e+00 1.077352188440738345e+01
1.100000000000000000e+01 9.397660403339450852e+00
1.300000000000000000e+01 9.999999999999999547e-07
1.400000000000000000e+01 5.774276810837350560e+00
1.600000000000000000e+01 8.619891374616832991e+01
1.700000000000000000e+01 9.999999999999999547e-07
1.900000000000000000e+01 2.985442343936146870e+01
2.100000000000000000e+01 9.824735993233581155e+00
2.200000000000000000e+01 9.999999999999999547e-07
2.400000000000000000e+01 3.181024551410523316e+01
2.500000000000000000e+01 3.714328622634376131e+01
2.700000000000000000e+01 9.999999999999999547e-07
2.800000000000000000e+01 3.916949424828950477e+00
3.000000000000000000e+01 9.999999999999999547e-07
