0.000000000000000000e+00 1.155017600000000044e+02
1.000000000000000000e+00 1.366528000000000134e+02
2.000000000000000000e+00 1.602341999999999871e+02
3.000000000000000000e+00 2.110990600000000086e+02
4.000000000000000000e+00 1.978278500000000122e+02
5.000000000000000000e+00 2.198000000000000114e+02
6.000000000000000000e+00 2.468793599999999913e+02
7.000000000000000000e+00 2.679048000000000229e+02
1.100000000000000000e+01 3.045773833333329890e+02
1.300000000000000000e+01 3.213475999999999999e+02
1.500000000000000000e+01 3.627390800000000013e+02
