0.000000000000000000e+00 1.611965181292837030e+02
2.000000000000000000e+00 1.143252117483389299e+02
3.000000000000000000e+00 1.128763864173451879e+02
5.000000000000000000e+00 1.514149480833694952e+02
6.000000000000000000e+00 4.324692325002803273e+01
8.000000000000000000e+00 8.507621869309949147e+01
9.000000000000000000e+00 1.078644008353217316e+02
1.100000000000000000e+01 1.105463244379409247e+02
1.300000000000000000e+01 1.584618288679864406e+01
1.400000000000000000e+01 1.000149069941718523e+02
1.600000000000000000e+01 1.149133935008257339e+02
1.700000000000000000e+01 8.787622178666794071e+01
1.900000000000000000e+01 1.361695667550855546e+02
2.100000000000000000e+01 1.144350433052281915e+02
2.200000000000000000e+01 1.699440167535440196e+02
2.400000000000000000e+01 1.403802615424585838e+02
2.500000000000000000e+01 1.666876692146194898e+02
2.700000000000000000e+01 2.309059965296789017e+02
2.800000000000000000e+01 2.289768684607664682e+02
3.000000000000000000e+01 2.477562265664025176e+02
