0.000000000000000000e+00 2.287654230853086972e+02
2.000000000000000000e+00 1.147934016219266908e+02
3.000000000000000000e+00 1.461655151668860810e+02
5.000000000000000000e+00 6.670343615775071555e+01
6.000000000000000000e+00 1.191931841241545413e+02
8.000000000000000000e+00 8.013136919119794754e+01
9.000000000000000000e+00 1.249449232864952108e+02
1.100000000000000000e+01 7.590024805799239971e+01
1.300000000000000000e+01 5.655354822976987350e+01
1.400000000000000000e+01 8.108519834237557689e+01
1.600000000000000000e+01 4.800836015533346313e+01
1.700000000000000000e+01 4.171644215643277676e+01
1.900000000000000000e+01 9.422853727774941035e+01
2.100000000000000000e+01 7.048966202794997571e+01
2.200000000000000000e+01 1.004262490683749149e+02
2.400000000000000000e+01 7.659024187494529201e+01
2.500000000000000000e+01 1.011574838761960535e+02
2.700000000000000000e+01 1.086879336871164412e+02
2.800000000000000000e+01 1.051066496989334809e+02
3.000000000000000000e+01 1.218980942066705637e+02
