0.000000000000000000e+00 2.254362725165396171e+02
2.000000000000000000e+00 2.676581770381124556e+02
3.000000000000000000e+00 2.256835069745644091e+02
5.000000000000000000e+00 2.433134678699937865e+02
6.000000000000000000e+00 2.350577215281188330e+02
8.000000000000000000e+00 1.775177283701268038e+02
9.000000000000000000e+00 1.378875858057094774e+02
1.100000000000000000e+01 1.597715423551906326e+02
1.300000000000000000e+01 1.282633299891685397e+02
1.400000000000000000e+01 1.624819713716267131e+02
1.600000000000000000e+01 1.262738311585646187e+02
1.700000000000000000e+01 1.070151180426738193e+02
1.900000000000000000e+01 1.285926022688065871e+02
2.100000000000000000e+01 1.826525891778148889e+02
2.200000000000000000e+01 1.649813710008175747e+02
2.400000000000000000e+01 2.753840909611726602e+02
2.500000000000000000e+01 2.316119091287059177e+02
2.700000000000000000e+01 2.360230544672827193e+02
2.800000000000000000e+01 1.484833068878068048e+02
3.000000000000000000e+01 3.176896210424564515e+02
