0.000000000000000000e+00 1.086105660528287729e+02
2.000000000000000000e+00 5.776745349396718154e+01
3.000000000000000000e+00 8.619183487806527921e+01
5.000000000000000000e+00 5.264513897657165842e+01
6.000000000000000000e+00 3.984561178138049087e+01
8.000000000000000000e+00 1.156883054662001520e+01
9.000000000000000000e+00 4.822389619608563294e+01
1.100000000000000000e+01 3.371199966464583042e+01
1.300000000000000000e+01 1.845359733872655994e+01
1.400000000000000000e+01 4.237514707021911420e+01
1.600000000000000000e+01 1.293541795854557286e+01
1.700000000000000000e+01 1.592685884712774680e+01
1.900000000000000000e+01 2.651137745173964078e+01
2.100000000000000000e+01 8.321238895839488947e+00
2.200000000000000000e+01 9.999999999999999547e-07
2.400000000000000000e+01 5.768893820104202064e+01
2.500000000000000000e+01 3.583697198740530609e+01
2.700000000000000000e+01 9.999999999999999547e-07
2.800000000000000000e+01 9.999999999999999547e-07
3.000000000000000000e+01 9.999999999999999547e-07
