0.000000000000000000e+00 2.180676317840260481e+02
2.000000000000000000e+00 2.245957892620741347e+02
3.000000000000000000e+00 1.772101966945698450e+02
5.000000000000000000e+00 1.213293741627041271e+02
6.000000000000000000e+00 9.236126850351071482e+01
8.000000000000000000e+00 3.278897751062331167e+01
9.000000000000000000e+00 1.012979224611890601e+02
1.100000000000000000e+01 9.999999999999999547e-07
1.300000000000000000e+01 4.623163150044751291e+01
1.400000000000000000e+01 5.536101225823182403e+01
1.600000000000000000e+01 7.899714716560954741e+01
1.700000000000000000e+01 9.355001606971964634e+01
1.900000000000000000e+01 7.916124535124868089e+01
2.100000000000000000e+01 5.521783216920734105e+01
2.200000000000000000e+01 7.094810399188770589e+01
2.400000000000000000e+01 4.493960876871413035e+01
2.500000000000000000e+01 1.213791005478006753e+02
2.700000000000000000e+01 9.054427832544415367e+01
2.800000000000000000e+01 8.135036988805293845e+01
3.000000000000000000e+01 8.891677561395756868e+01
