0.000000000000000000e+00 1.263045441525046186e+02
2.000000000000000000e+00 1.907317449190149716e+02
3.000000000000000000e+00 1.886244601539330006e+02
5.000000000000000000e+00 1.512641846888157602e+02
6.000000000000000000e+00 1.540525720221253323e+02
8.000000000000000000e+00 1.866711239975979595e+02
9.000000000000000000e+00 1.890019001723932774e+02
1.100000000000000000e+01 1.369728811936534782e+02
1.300000000000000000e+01 2.044193404421343132e+02
1.400000000000000000e+01 1.330186120653797843e+02
1.600000000000000000e+01 1.854578875019909106e+02
1.700000000000000000e+01 1.873862274833423669e+02
1.900000000000000000e+01 1.988915989661766162e+02
2.100000000000000000e+01 2.755767010986385799e+02
2.200000000000000000e+01 2.765099094271130866e+02
2.400000000000000000e+01 3.262875185237148230e+02
2.500000000000000000e+01 3.626202606976939933e+02
2.700000000000000000e+01 4.084606579296739710e+02
2.800000000000000000e+01 4.460463137036796297e+02
3.000000000000000000e+01 4.076105635560700193e+02
