0.000000000000000000e+00 1.110931412684594051e+02
2.000000000000000000e+00 1.283811692534053748e+02
3.000000000000000000e+00 1.326222001991143316e+02
5.000000000000000000e+00 5.529905117924825220e+01
6.000000000000000000e+00 9.431034786993274111e+01
8.000000000000000000e+00 6.944988660001465064e+01
9.000000000000000000e+00 6.399935400841585675e+01
1.100000000000000000e+01 3.990967275642096013e+01
1.300000000000000000e+01 6.045192872654416050e+01
1.400000000000000000e+01 5.623694048836107839e+01
1.600000000000000000e+01 1.500370302457897687e+01
1.700000000000000000e+01 9.999999999999999547e-07
1.900000000000000000e+01 6.854720763469484268e+01
2.100000000000000000e+01 6.877636640139975555e+01
2.200000000000000000e+01 6.255429450674541414e+01
2.400000000000000000e+01 4.171884611567364232e+01
2.500000000000000000e+01 5.509735272186758692e+01
2.700000000000000000e+01 3.127874323763968789e+01
2.800000000000000000e+01 1.263426863820936035e+02
3.000000000000000000e+01 7.409407185440612409e+01
