0.000000000000000000e+00 1.534753499999999917e+02
1.000000000000000000e+00 1.715947199999999953e+02
2.000000000000000000e+00 2.198000000000000114e+02
3.000000000000000000e+00 2.017136000000000138e+02
4.000000000000000000e+00 2.043260799999999904e+02
5.000000000000000000e+00 2.043260799999999904e+02
6.000000000000000000e+00 2.885063400000000229e+02
7.000000000000000000e+00 2.729916000000000054e+02
1.100000000000000000e+01 2.292618666666670038e+02
1.300000000000000000e+01 2.253625099999999861e+02
1.500000000000000000e+01 1.710169600000000116e+02
1.800000000000000000e+01 1.126548266666670060e+02
2.000000000000000000e+01 5.787019999999999698e+01
2.200000000000000000e+01 1.073880000000000052e+02
2.500000000000000000e+01 1.186899066666669995e+02
2.700000000000000000e+01 1.609255233333329898e+02
2.900000000000000000e+01 2.260611600000000010e+02
3.200000000000000000e+01 2.006041333333330101e+02
3.400000000000000000e+01 3.249523199999999861e+02
3.600000000000000000e+01 4.809140266666669845e+02
3.900000000000000000e+01 5.040348933333330024e+02
4.100000000000000000e+01 5.071764633333330039e+02
