0.000000000000000000e+00 2.574878414691350486e+02
2.000000000000000000e+00 2.465740715254238182e+02
3.000000000000000000e+00 1.937587901732736100e+02
5.000000000000000000e+00 1.557852271077527746e+02
6.000000000000000000e+00 6.552437417416444987e+01
8.000000000000000000e+00 7.215687110733135512e+01
9.000000000000000000e+00 7.522722973416404102e+01
1.100000000000000000e+01 2.829971888509728117e+01
1.300000000000000000e+01 4.913221885249693344e+01
1.400000000000000000e+01 3.302494788253208924e+01
1.600000000000000000e+01 6.196890681543803936e+01
1.700000000000000000e+01 6.626878164329930598e+01
1.900000000000000000e+01 2.722106483356825635e+01
2.100000000000000000e+01 8.129715348680679199e+01
2.200000000000000000e+01 4.201537048610337166e+01
2.400000000000000000e+01 1.012182074683613422e+02
2.500000000000000000e+01 3.176238299299807011e+01
2.700000000000000000e+01 5.901316667780296399e+01
2.800000000000000000e+01 6.352951999685445372e+01
3.000000000000000000e+01 5.111657122425733490e+01
