0.000000000000000000e+00 1.064712803881169378e+02
2.000000000000000000e+00 1.209436161038909887e+02
3.000000000000000000e+00 1.168810651639770413e+02
5.000000000000000000e+00 5.156072734612988739e+01
6.000000000000000000e+00 3.523127393419738951e+01
8.000000000000000000e+00 3.757150088051365344e+01
9.000000000000000000e+00 4.020328802835305027e+01
1.100000000000000000e+01 1.630093089400232742e+01
1.300000000000000000e+01 1.339723864766205530e+01
1.400000000000000000e+01 4.887657766554161043e+01
1.600000000000000000e+01 7.041638197860849857e+01
1.700000000000000000e+01 2.387355400925439852e+01
1.900000000000000000e+01 1.252310623366860654e+01
2.100000000000000000e+01 3.190812761847438139e+01
2.200000000000000000e+01 1.326457000097061467e+01
2.400000000000000000e+01 3.180237644556748933e+01
2.500000000000000000e+01 5.497946771790181231e+01
2.700000000000000000e+01 4.531177876849873343e+01
2.800000000000000000e+01 8.232435668388944805e+01
3.000000000000000000e+01 6.539206611071857367e+01
