0.000000000000000000e+00 8.783208000000000482e+01
1.000000000000000000e+00 1.001659999999999968e+02
2.000000000000000000e+00 1.092955500000000058e+02
3.000000000000000000e+00 1.300336800000000039e+02
4.000000000000000000e+00 1.463684833333329891e+02
5.000000000000000000e+00 1.565227199999999925e+02
6.000000000000000000e+00 1.706197500000000105e+02
7.000000000000000000e+00 1.568382900000000006e+02
9.000000000000000000e+00 1.607287499999999909e+02
1.100000000000000000e+01 1.492127999999999872e+02
1.400000000000000000e+01 2.114475999999999942e+02
1.700000000000000000e+01 2.204279999999999973e+02
2.000000000000000000e+01 1.912076833333329944e+02
2.300000000000000000e+01 2.077879299999999887e+02
2.600000000000000000e+01 2.389189366666670082e+02
2.900000000000000000e+01 1.872695999999999970e+02
3.200000000000000000e+01 2.073263499999999908e+02
3.500000000000000000e+01 3.094784000000000219e+02
3.800000000000000000e+01 2.985402100000000019e+02
4.100000000000000000e+01 3.844820100000000025e+02
4.300000000000000000e+01 5.391380000000000337e+02
4.500000000000000000e+01 5.886788266666669642e+02
4.800000000000000000e+01 6.964990999999999985e+02
5.100000000000000000e+01 6.224107999999999947e+02
5.400000000000000000e+01 7.152040799999999763e+02
5.700000000000000000e+01 7.444154999999999518e+02
