0.000000000000000000e+00 3.235344618306640996e+02
2.000000000000000000e+00 2.732699618258200189e+02
3.000000000000000000e+00 2.506120625774649682e+02
5.000000000000000000e+00 1.773326537259852955e+02
6.000000000000000000e+00 1.613140713896991656e+02
8.000000000000000000e+00 1.038742181993927005e+02
9.000000000000000000e+00 7.618493600319609982e+01
1.100000000000000000e+01 7.339138493624851378e+01
1.300000000000000000e+01 2.978989682386942661e+01
1.400000000000000000e+01 4.263900624966851183e+00
1.600000000000000000e+01 8.614467077378971283e+01
1.700000000000000000e+01 4.080240944146684967e+01
1.900000000000000000e+01 7.244866977092942761e+01
2.100000000000000000e+01 1.014445250724424739e+02
2.200000000000000000e+01 9.881728480854167174e+01
2.400000000000000000e+01 5.985649857669280038e+01
2.500000000000000000e+01 8.000788505902526992e+01
2.700000000000000000e+01 4.762394234032113616e+01
2.800000000000000000e+01 6.084992071670991720e+01
3.000000000000000000e+01 1.210543026507472177e+02
