0.000000000000000000e+00 1.503180800000000090e+02
1.000000000000000000e+00 1.952954400000000135e+02
2.000000000000000000e+00 2.385562666666669998e+02
3.000000000000000000e+00 2.724860600000000090e+02
4.000000000000000000e+00 2.120285000000000082e+02
5.000000000000000000e+00 2.435122333333330005e+02
6.000000000000000000e+00 2.628603899999999953e+02
7.000000000000000000e+00 2.820128199999999765e+02
1.100000000000000000e+01 3.192124000000000024e+02
1.300000000000000000e+01 3.486577500000000214e+02
1.500000000000000000e+01 3.672570166666670275e+02
1.800000000000000000e+01 4.121485500000000002e+02
2.000000000000000000e+01 5.231240000000000236e+02
2.200000000000000000e+01 8.455104166666669698e+02
2.500000000000000000e+01 9.121239466666670523e+02
2.700000000000000000e+01 1.082679849999999988e+03
2.900000000000000000e+01 1.287525599999999940e+03
3.200000000000000000e+01 1.644995760000000018e+03
3.400000000000000000e+01 1.892614066666669942e+03
3.600000000000000000e+01 2.244589750000000095e+03
3.900000000000000000e+01 2.324729353333329982e+03
