0.000000000000000000e+00 1.738499796109347812e+02
2.000000000000000000e+00 1.220531508650794166e+02
3.000000000000000000e+00 1.139642014045548279e+02
5.000000000000000000e+00 2.526982745937866781e+01
6.000000000000000000e+00 1.024296037870640674e+01
8.000000000000000000e+00 3.137517916954857711e+01
9.000000000000000000e+00 1.436305901174802813e+01
1.100000000000000000e+01 2.813451277568705322e+01
1.300000000000000000e+01 9.999999999999999547e-07
1.400000000000000000e+01 3.861712115515515364e+01
1.600000000000000000e+01 4.529295553795516582e+01
1.700000000000000000e+01 9.999999999999999547e-07
1.900000000000000000e+01 1.761898955771246023e+01
2.100000000000000000e+01 3.590723744834231290e+00
2.200000000000000000e+01 4.598354420778858298e+01
2.400000000000000000e+01 1.642384878114285840e+01
2.500000000000000000e+01 3.748022977175931914e+01
2.700000000000000000e+01 1.014396844603461290e+01
2.800000000000000000e+01 2.015090936262788901e+01
3.000000000000000000e+01 6.822802489209820465e+01
