0.000000000000000000e+00 1.605167999999999893e+02
1.000000000000000000e+00 1.275625000000000000e+02
2.000000000000000000e+00 1.504562400000000082e+02
3.000000000000000000e+00 1.681286833333329866e+02
4.000000000000000000e+00 1.994214000000000055e+02
5.000000000000000000e+00 1.991937499999999943e+02
6.000000000000000000e+00 2.204279999999999973e+02
7.000000000000000000e+00 2.206242499999999893e+02
9.000000000000000000e+00 2.117186866666669971e+02
1.100000000000000000e+01 2.073263499999999908e+02
1.400000000000000000e+01 2.514198000000000093e+02
1.700000000000000000e+01 2.820128199999999765e+02
2.000000000000000000e+01 2.296910000000000025e+02
2.300000000000000000e+01 2.342848199999999963e+02
2.600000000000000000e+01 2.435933499999999867e+02
2.900000000000000000e+01 2.729073433333330172e+02
3.200000000000000000e+01 3.152120400000000018e+02
3.500000000000000000e+01 3.444344500000000266e+02
3.800000000000000000e+01 4.484940500000000156e+02
4.100000000000000000e+01 4.917365599999999972e+02
4.300000000000000000e+01 5.955559500000000526e+02
4.500000000000000000e+01 7.433557499999999436e+02
4.800000000000000000e+01 8.056109599999999773e+02
5.100000000000000000e+01 1.081879149999999981e+03
5.400000000000000000e+01 1.217362300000000005e+03
5.700000000000000000e+01 1.359580750000000080e+03
