0.000000000000000000e+00 1.187548000000000030e+02
1.000000000000000000e+00 1.339900800000000061e+02
2.000000000000000000e+00 1.756751500000000021e+02
3.000000000000000000e+00 1.872695999999999970e+02
4.000000000000000000e+00 2.161513199999999983e+02
5.000000000000000000e+00 1.991937499999999943e+02
6.000000000000000000e+00 2.476957600000000070e+02
7.000000000000000000e+00 1.989661000000000115e+02
1.100000000000000000e+01 2.035855633333329990e+02
1.300000000000000000e+01 2.004973733333330017e+02
1.500000000000000000e+01 2.883775999999999726e+02
1.800000000000000000e+01 1.347834533333330000e+02
2.000000000000000000e+01 7.290452000000000510e+01
2.200000000000000000e+01 1.001115733333329985e+02
2.500000000000000000e+01 1.091505866666669959e+02
2.700000000000000000e+01 1.168080000000000069e+02
2.900000000000000000e+01 1.635636466666670117e+02
3.200000000000000000e+01 2.136879900000000134e+02
3.400000000000000000e+01 3.813676533333330099e+02
3.600000000000000000e+01 5.367207233333330123e+02
3.900000000000000000e+01 7.286228700000000345e+02
4.100000000000000000e+01 8.550910800000000336e+02
