0.000000000000000000e+00 5.312879999999999825e+01
1.000000000000000000e+00 6.064648333333330044e+01
2.000000000000000000e+00 8.351143999999999323e+01
3.000000000000000000e+00 5.468833333333329705e+01
4.000000000000000000e+00 4.421119999999999806e+01
5.000000000000000000e+00 4.583144000000000062e+01
6.000000000000000000e+00 6.237924000000000291e+01
7.000000000000000000e+00 4.151865000000000094e+01
1.100000000000000000e+01 9.861798000000000286e+01
1.300000000000000000e+01 0.000000000000000000e+00
1.500000000000000000e+01 0.000000000000000000e+00
1.800000000000000000e+01 0.000000000000000000e+00
2.000000000000000000e+01 0.000000000000000000e+00
2.200000000000000000e+01 0.000000000000000000e+00
2.500000000000000000e+01 0.000000000000000000e+00
2.700000000000000000e+01 0.000000000000000000e+00
2.900000000000000000e+01 0.000000000000000000e+00
3.200000000000000000e+01 0.000000000000000000e+00
3.400000000000000000e+01 0.000000000000000000e+00
3.600000000000000000e+01 0.000000000000000000e+00
3.900000000000000000e+01 0.000000000000000000e+00
4.100000000000000000e+01 0.000000000000000000e+00
4.300000000000000000e+01 0.000000000000000000e+00
4.600000000000000000e+01 0.000000000000000000e+00
4.800000000000000000e+01 0.000000000000000000e+00
5.000000000000000000e+01 0.000000000000000000e+00
5.300000000000000000e+01 0.000000000000000000e+00
