0.000000000000000000e+00 1.238929649990302266e+02
2.000000000000000000e+00 1.377577835914864011e+02
3.000000000000000000e+00 1.398176663943580138e+02
5.000000000000000000e+00 2.196612444886548019e+02
6.000000000000000000e+00 1.674387753127345775e+02
8.000000000000000000e+00 1.828540310006137304e+02
9.000000000000000000e+00 2.966217653011945572e+02
1.100000000000000000e+01 2.800916206015735384e+02
1.300000000000000000e+01 3.493959875504548336e+02
1.400000000000000000e+01 4.035240024629434856e+02
1.600000000000000000e+01 3.863602447308830392e+02
1.700000000000000000e+01 4.049772058944720925e+02
1.900000000000000000e+01 5.524750799466377202e+02
2.100000000000000000e+01 4.659924918769423243e+02
2.200000000000000000e+01 5.787386440650859640e+02
2.400000000000000000e+01 7.191372890089905923e+02
2.500000000000000000e+01 5.959607281278406390e+02
2.700000000000000000e+01 5.955458891102832695e+02
2.800000000000000000e+01 7.100104465658805566e+02
3.000000000000000000e+01 9.076226752976452872e+02
