0.000000000000000000e+00 1.037204089226856638e+02
2.000000000000000000e+00 7.373048044173168591e+01
3.000000000000000000e+00 1.032748483959973242e+02
5.000000000000000000e+00 4.459619005735613939e+01
6.000000000000000000e+00 1.502953029953846737e+02
8.000000000000000000e+00 1.651385014419092556e+02
9.000000000000000000e+00 2.146127610456304353e+02
1.100000000000000000e+01 1.418026598727637406e+02
1.300000000000000000e+01 2.091950838070184489e+02
1.400000000000000000e+01 1.993586081689667253e+02
1.600000000000000000e+01 1.967120887235862199e+02
1.700000000000000000e+01 1.932875449940114549e+02
1.900000000000000000e+01 2.520296234561921551e+02
2.100000000000000000e+01 3.465157251287143936e+02
2.200000000000000000e+01 3.594366843113835444e+02
2.400000000000000000e+01 3.489564634001072250e+02
2.500000000000000000e+01 3.394965464112066229e+02
2.700000000000000000e+01 4.913478498208727387e+02
2.800000000000000000e+01 4.582199621289998959e+02
3.000000000000000000e+01 4.796445583875142233e+02
