0.000000000000000000e+00 2.501160462052983178e+02
2.000000000000000000e+00 2.474515208367330672e+02
3.000000000000000000e+00 2.612522801703522646e+02
5.000000000000000000e+00 3.234634400359718711e+02
6.000000000000000000e+00 4.005260431439144782e+02
8.000000000000000000e+00 3.754835449493347710e+02
9.000000000000000000e+00 4.082588195315414623e+02
1.100000000000000000e+01 4.136436855279962970e+02
1.300000000000000000e+01 6.004419644509449654e+02
1.400000000000000000e+01 6.028231804250854111e+02
1.600000000000000000e+01 6.974782186605500556e+02
1.700000000000000000e+01 6.497466609867713032e+02
1.900000000000000000e+01 6.705073217775528747e+02
2.100000000000000000e+01 8.000935597404651389e+02
2.200000000000000000e+01 7.678589320322716958e+02
2.400000000000000000e+01 7.481038777039409524e+02
2.500000000000000000e+01 8.808785593455337448e+02
2.700000000000000000e+01 9.035411675608713722e+02
2.800000000000000000e+01 8.830845397927635076e+02
3.000000000000000000e+01 9.746472227060655769e+02
