0.000000000000000000e+00 1.305844274314571294e+02
2.000000000000000000e+00 1.652445315063031614e+02
3.000000000000000000e+00 2.157697687673860969e+02
5.000000000000000000e+00 2.515404053662702779e+02
6.000000000000000000e+00 2.678812823303241544e+02
8.000000000000000000e+00 3.565182569433361550e+02
9.000000000000000000e+00 3.094945809694298191e+02
1.100000000000000000e+01 2.972122257316432865e+02
1.300000000000000000e+01 4.205591672905173368e+02
1.400000000000000000e+01 4.405863309164470252e+02
1.600000000000000000e+01 4.455996879474622574e+02
1.700000000000000000e+01 4.337310335232885450e+02
1.900000000000000000e+01 4.874660349337349317e+02
2.100000000000000000e+01 5.041894023803292271e+02
2.200000000000000000e+01 5.528158911577685330e+02
2.400000000000000000e+01 5.864531857069403031e+02
2.500000000000000000e+01 5.800492694694552256e+02
2.700000000000000000e+01 6.457178716605656064e+02
2.800000000000000000e+01 7.308865709622278928e+02
3.000000000000000000e+01 7.053222854644156996e+02
