0.000000000000000000e+00 1.122549999999999955e+02
1.000000000000000000e+00 1.434142666666670038e+02
2.000000000000000000e+00 1.400157399999999939e+02
3.000000000000000000e+00 1.644104000000000099e+02
4.000000000000000000e+00 1.912825200000000052e+02
5.000000000000000000e+00 2.156054833333330123e+02
6.000000000000000000e+00 2.579823999999999842e+02
7.000000000000000000e+00 2.780783999999999878e+02
9.000000000000000000e+00 2.579823999999999842e+02
1.100000000000000000e+01 2.483488800000000083e+02
1.400000000000000000e+01 2.729073433333330172e+02
1.700000000000000000e+01 2.883775999999999726e+02
2.000000000000000000e+01 2.626939699999999789e+02
2.300000000000000000e+01 2.435122333333330005e+02
2.600000000000000000e+01 2.483488800000000083e+02
2.900000000000000000e+01 2.206242499999999893e+02
3.200000000000000000e+01 2.247423599999999908e+02
3.500000000000000000e+01 2.729073433333330172e+02
3.800000000000000000e+01 3.750813733333329765e+02
4.100000000000000000e+01 4.276627666666669825e+02
4.300000000000000000e+01 5.232809999999999491e+02
