0.000000000000000000e+00 9.432298333333329765e+01
1.000000000000000000e+00 8.940050999999999704e+01
2.000000000000000000e+00 1.020782600000000002e+02
3.000000000000000000e+00 1.158816999999999950e+02
4.000000000000000000e+00 9.930249999999999488e+01
5.000000000000000000e+00 1.573642399999999952e+02
6.000000000000000000e+00 2.206242499999999893e+02
7.000000000000000000e+00 2.405742400000000032e+02
1.100000000000000000e+01 3.189423600000000079e+02
1.300000000000000000e+01 3.446165700000000243e+02
1.500000000000000000e+01 4.074652399999999943e+02
1.800000000000000000e+01 4.844313500000000090e+02
2.000000000000000000e+01 7.183064000000000533e+02
2.200000000000000000e+01 7.053821599999999989e+02
2.500000000000000000e+01 9.962199500000000398e+02
2.700000000000000000e+01 1.108244159999999965e+03
2.900000000000000000e+01 1.071388933333329987e+03
3.200000000000000000e+01 1.316350799999999936e+03
3.400000000000000000e+01 1.939012799999999970e+03
3.600000000000000000e+01 1.967728100000000040e+03
3.900000000000000000e+01 1.878154366666670057e+03
