0.000000000000000000e+00 2.658700799999999731e+02
1.000000000000000000e+00 2.912930900000000065e+02
2.000000000000000000e+00 3.753194899999999734e+02
3.000000000000000000e+00 3.227428066666669793e+02
4.000000000000000000e+00 2.847823000000000206e+02
5.000000000000000000e+00 3.064561499999999796e+02
6.000000000000000000e+00 3.381256666666669730e+02
7.000000000000000000e+00 3.792722266666669952e+02
1.100000000000000000e+01 1.672468666666669890e+02
1.300000000000000000e+01 2.693554800000000000e+02
1.500000000000000000e+01 2.637599999999999909e+02
1.800000000000000000e+01 2.210560000000000116e+02
2.000000000000000000e+01 1.966896000000000129e+02
2.200000000000000000e+01 9.970127999999999702e+01
2.500000000000000000e+01 8.478000000000000114e+01
2.700000000000000000e+01 4.912006666666670185e+01
2.900000000000000000e+01 3.179250000000000043e+01
3.200000000000000000e+01 2.166600000000000037e+01
3.400000000000000000e+01 4.222672000000000025e+01
3.600000000000000000e+01 9.354688000000000159e+01
3.900000000000000000e+01 8.031020999999999788e+01
4.100000000000000000e+01 5.404724999999999824e+01
4.300000000000000000e+01 7.783013333333329342e+01
4.600000000000000000e+01 9.003636000000000195e+01
4.800000000000000000e+01 1.054192199999999957e+02
5.000000000000000000e+01 1.161925600000000003e+02
5.300000000000000000e+01 1.469519999999999982e+02
