0.000000000000000000e+00 9.420471000000000572e+01
1.000000000000000000e+00 8.945860000000000412e+01
2.000000000000000000e+00 7.147581999999999880e+01
3.000000000000000000e+00 3.696460333333330084e+01
4.000000000000000000e+00 3.412395000000000067e+01
5.000000000000000000e+00 5.608039999999999736e+01
6.000000000000000000e+00 6.707510999999999513e+01
7.000000000000000000e+00 5.785135999999999967e+01
1.100000000000000000e+01 3.022773333333330115e+01
1.300000000000000000e+01 2.572287999999999997e+01
1.500000000000000000e+01 0.000000000000000000e+00
1.800000000000000000e+01 0.000000000000000000e+00
2.000000000000000000e+01 0.000000000000000000e+00
2.200000000000000000e+01 0.000000000000000000e+00
2.500000000000000000e+01 0.000000000000000000e+00
2.700000000000000000e+01 0.000000000000000000e+00
2.900000000000000000e+01 0.000000000000000000e+00
3.200000000000000000e+01 0.000000000000000000e+00
3.400000000000000000e+01 0.000000000000000000e+00
3.600000000000000000e+01 0.000000000000000000e+00
3.900000000000000000e+01 0.000000000000000000e+00
4.100000000000000000e+01 0.000000000000000000e+00
4.300000000000000000e+01 0.000000000000000000e+00
4.600000000000000000e+01 0.000000000000000000e+00
4.800000000000000000e+01 0.000000000000000000e+00
5.000000000000000000e+01 0.000000000000000000e+00
5.300000000000000000e+01 0.000000000000000000e+00
