0.000000000000000000e+00 1.359829333333329942e+02
1.000000000000000000e+00 1.519440766666670015e+02
2.000000000000000000e+00 1.556811999999999898e+02
3.000000000000000000e+00 1.074508000000000010e+02
4.000000000000000000e+00 1.254037500000000023e+02
5.000000000000000000e+00 2.340430399999999906e+02
6.000000000000000000e+00 1.912076833333329944e+02
7.000000000000000000e+00 2.864465000000000146e+02
1.100000000000000000e+01 1.033667066666669996e+02
1.300000000000000000e+01 1.344987600000000043e+02
1.500000000000000000e+01 1.404208000000000141e+02
1.800000000000000000e+01 8.085238333333329308e+01
2.000000000000000000e+01 4.400395999999999930e+01
2.200000000000000000e+01 5.787648000000000081e+01
2.500000000000000000e+01 5.654355000000000331e+01
2.700000000000000000e+01 2.692549999999999955e+01
2.900000000000000000e+01 2.465109333333330000e+01
3.200000000000000000e+01 3.877271999999999963e+01
3.400000000000000000e+01 5.093917333333330077e+01
3.600000000000000000e+01 4.547923666666670073e+01
3.900000000000000000e+01 7.782804000000000144e+01
4.100000000000000000e+01 8.575497000000000014e+01
4.300000000000000000e+01 9.919259999999999877e+01
4.600000000000000000e+01 9.408277333333329295e+01
