0.000000000000000000e+00 1.468483799999999917e+02
1.000000000000000000e+00 1.910580099999999959e+02
2.000000000000000000e+00 2.073263499999999908e+02
3.000000000000000000e+00 2.247423599999999908e+02
4.000000000000000000e+00 2.159173900000000117e+02
5.000000000000000000e+00 2.073263499999999908e+02
6.000000000000000000e+00 1.912076833333329944e+02
7.000000000000000000e+00 1.873067566666670132e+02
1.100000000000000000e+01 2.626939699999999789e+02
1.300000000000000000e+01 2.729073433333330172e+02
1.500000000000000000e+01 3.687474700000000212e+02
1.800000000000000000e+01 4.763631199999999808e+02
2.000000000000000000e+01 6.468567466666670498e+02
2.200000000000000000e+01 7.009202199999999721e+02
2.500000000000000000e+01 1.001302040000000034e+03
2.700000000000000000e+01 1.169645289999999932e+03
2.900000000000000000e+01 1.434194999999999936e+03
3.200000000000000000e+01 1.678455600000000004e+03
3.400000000000000000e+01 2.024915349999999989e+03
3.600000000000000000e+01 2.286810190000000148e+03
3.900000000000000000e+01 2.481102400000000216e+03
