0.000000000000000000e+00 1.350451199999999972e+02
1.000000000000000000e+00 1.492991499999999974e+02
2.000000000000000000e+00 2.460755200000000116e+02
3.000000000000000000e+00 3.066209999999999809e+02
4.000000000000000000e+00 3.480166666666669926e+02
5.000000000000000000e+00 3.687474700000000212e+02
6.000000000000000000e+00 4.106963000000000079e+02
7.000000000000000000e+00 3.988820499999999925e+02
1.100000000000000000e+01 2.699473699999999781e+02
1.300000000000000000e+01 2.175297799999999881e+02
1.500000000000000000e+01 2.929855499999999893e+02
1.800000000000000000e+01 2.917185600000000250e+02
2.000000000000000000e+01 2.885063400000000229e+02
2.200000000000000000e+01 2.846933333333329870e+02
2.500000000000000000e+01 3.175670400000000200e+02
2.700000000000000000e+01 3.423641433333330042e+02
2.900000000000000000e+01 3.638338933333329805e+02
3.200000000000000000e+01 3.987025466666669899e+02
3.400000000000000000e+01 4.872730500000000120e+02
3.600000000000000000e+01 5.445293799999999464e+02
3.900000000000000000e+01 6.231309066666669878e+02
4.100000000000000000e+01 7.286228700000000345e+02
