0.000000000000000000e+00 1.102296999999999940e+02
1.000000000000000000e+00 1.187548000000000030e+02
2.000000000000000000e+00 1.572590500000000020e+02
3.000000000000000000e+00 1.231350999999999942e+02
4.000000000000000000e+00 9.117304000000000030e+01
5.000000000000000000e+00 1.831467800000000068e+02
6.000000000000000000e+00 1.756024066666670080e+02
7.000000000000000000e+00 1.415433500000000038e+02
1.100000000000000000e+01 1.156210800000000063e+02
1.300000000000000000e+01 1.635636466666670117e+02
1.500000000000000000e+01 6.341543999999999670e+01
1.800000000000000000e+01 6.031311999999999784e+01
2.000000000000000000e+01 5.430944000000000216e+01
2.200000000000000000e+01 7.598799999999999955e+01
2.500000000000000000e+01 9.108616666666669914e+01
2.700000000000000000e+01 9.472961333333330458e+01
2.900000000000000000e+01 1.142410500000000013e+02
3.200000000000000000e+01 1.354124999999999943e+02
3.400000000000000000e+01 1.450967833333330077e+02
3.600000000000000000e+01 2.296104066666669894e+02
3.900000000000000000e+01 1.548731733333329998e+02
4.100000000000000000e+01 1.942874999999999943e+02
4.300000000000000000e+01 2.155641400000000090e+02
4.600000000000000000e+01 1.913437500000000000e+02
