0.000000000000000000e+00 1.016229600000000062e+02
1.000000000000000000e+00 1.041522300000000030e+02
2.000000000000000000e+00 1.176374833333329946e+02
3.000000000000000000e+00 1.363513599999999997e+02
4.000000000000000000e+00 1.531969366666669998e+02
5.000000000000000000e+00 1.951824000000000012e+02
6.000000000000000000e+00 2.483080600000000118e+02
7.000000000000000000e+00 2.830364599999999768e+02
1.100000000000000000e+01 2.885063400000000229e+02
1.300000000000000000e+01 3.814628999999999905e+02
1.500000000000000000e+01 4.346231000000000222e+02
1.800000000000000000e+01 5.465876500000000533e+02
2.000000000000000000e+01 6.907999999999999545e+02
2.200000000000000000e+01 7.936428499999999531e+02
2.500000000000000000e+01 1.071388933333329987e+03
2.700000000000000000e+01 1.313859733333330041e+03
2.900000000000000000e+01 1.593714850000000069e+03
3.200000000000000000e+01 1.746153999999999996e+03
3.400000000000000000e+01 1.895555200000000013e+03
