0.000000000000000000e+00 1.906306078729699038e+02
2.000000000000000000e+00 1.932043885020788707e+02
3.000000000000000000e+00 2.003008665521962257e+02
5.000000000000000000e+00 2.540894341841017194e+02
6.000000000000000000e+00 3.111143191370144336e+02
8.000000000000000000e+00 3.067814338563524075e+02
9.000000000000000000e+00 4.391532487342933564e+02
1.100000000000000000e+01 4.568622256471502965e+02
1.300000000000000000e+01 5.543836219301741721e+02
1.400000000000000000e+01 5.035737676280148776e+02
1.600000000000000000e+01 5.126392284269095398e+02
1.700000000000000000e+01 6.666143197466226411e+02
1.900000000000000000e+01 6.284061856993656647e+02
2.100000000000000000e+01 7.793255455629658854e+02
2.200000000000000000e+01 7.090319359415478857e+02
2.400000000000000000e+01 6.789872279854098451e+02
2.500000000000000000e+01 6.900564550804514283e+02
2.700000000000000000e+01 8.810163283304686956e+02
2.800000000000000000e+01 7.982648788191507947e+02
3.000000000000000000e+01 8.067944245982961320e+02
