0.000000000000000000e+00 8.470935000000000059e+01
1.000000000000000000e+00 9.438212000000000046e+01
2.000000000000000000e+00 9.942286666666659301e+01
3.000000000000000000e+00 1.339900800000000061e+02
4.000000000000000000e+00 1.470540499999999895e+02
5.000000000000000000e+00 1.681286833333329866e+02
6.000000000000000000e+00 1.912076833333329944e+02
7.000000000000000000e+00 1.872695999999999970e+02
9.000000000000000000e+00 1.952954400000000135e+02
1.100000000000000000e+01 2.206242499999999893e+02
1.400000000000000000e+01 2.938490499999999770e+02
1.700000000000000000e+01 3.751750499999999988e+02
2.000000000000000000e+01 8.576302933333330429e+02
2.300000000000000000e+01 1.096906666666669935e+03
2.600000000000000000e+01 1.730848070000000007e+03
