0.000000000000000000e+00 2.272115026321783944e+02
2.000000000000000000e+00 2.571405321318201231e+02
3.000000000000000000e+00 2.430706088190220555e+02
5.000000000000000000e+00 2.840310469268076190e+02
6.000000000000000000e+00 3.203095580931901623e+02
8.000000000000000000e+00 3.164373337877687504e+02
9.000000000000000000e+00 3.236800750373055280e+02
1.100000000000000000e+01 3.626051457628358321e+02
1.300000000000000000e+01 3.268858379103185712e+02
1.400000000000000000e+01 4.986944360900732249e+02
1.600000000000000000e+01 3.886900690674837051e+02
1.700000000000000000e+01 5.188099218656961966e+02
1.900000000000000000e+01 5.409745080157282473e+02
2.100000000000000000e+01 6.652628933060731242e+02
2.200000000000000000e+01 6.072748945544396975e+02
2.400000000000000000e+01 6.454708942223284112e+02
2.500000000000000000e+01 6.676025472029225512e+02
2.700000000000000000e+01 5.924832504226066021e+02
2.800000000000000000e+01 7.329944879936385860e+02
3.000000000000000000e+01 8.837337705431750692e+02
