0.000000000000000000e+00 1.351322384470236955e+02
2.000000000000000000e+00 1.069362132155843028e+02
3.000000000000000000e+00 1.097982172159138514e+02
5.000000000000000000e+00 1.676134334675666935e+02
6.000000000000000000e+00 1.872134061142737664e+02
8.000000000000000000e+00 1.512589720059867773e+02
9.000000000000000000e+00 1.911480105424250837e+02
1.100000000000000000e+01 2.002866899435171888e+02
1.300000000000000000e+01 1.806736051805898740e+02
1.400000000000000000e+01 1.904383133574359306e+02
1.600000000000000000e+01 2.279650606946389075e+02
1.700000000000000000e+01 2.179773670888287711e+02
1.900000000000000000e+01 2.807594679685836354e+02
2.100000000000000000e+01 3.141133929922260677e+02
2.200000000000000000e+01 2.853822445585650485e+02
2.400000000000000000e+01 2.998554993646758930e+02
2.500000000000000000e+01 2.916454949736108233e+02
2.700000000000000000e+01 3.001224130591902508e+02
2.800000000000000000e+01 3.124499741520772886e+02
3.000000000000000000e+01 3.563839143067982604e+02
