0.000000000000000000e+00 1.282226276251277284e+02
2.000000000000000000e+00 1.474389417064259078e+02
3.000000000000000000e+00 1.662687555898490075e+02
5.000000000000000000e+00 1.772428251713214138e+02
6.000000000000000000e+00 1.767374989446665836e+02
8.000000000000000000e+00 1.190832633784981169e+02
9.000000000000000000e+00 1.090570240533802746e+02
1.100000000000000000e+01 1.087454953761155423e+02
1.300000000000000000e+01 1.177232654206353004e+02
1.400000000000000000e+01 9.892431719769743381e+01
1.600000000000000000e+01 8.087128651157041759e+01
1.700000000000000000e+01 1.130700462591611597e+02
1.900000000000000000e+01 1.284388560926900595e+02
2.100000000000000000e+01 7.575079718068866441e+01
2.200000000000000000e+01 5.819106852894374526e+01
2.400000000000000000e+01 8.839119055997825569e+01
2.500000000000000000e+01 6.654465506064272518e+01
2.700000000000000000e+01 8.267426145696497031e+01
2.800000000000000000e+01 1.120667906228177770e+02
3.000000000000000000e+01 1.035868881146355420e+02
