0.000000000000000000e+00 8.952685027774036541e+01
2.000000000000000000e+00 7.231670426534354590e+01
3.000000000000000000e+00 8.742516905776960812e+01
5.000000000000000000e+00 6.675368146233712707e+01
6.000000000000000000e+00 1.523951283214119634e+01
8.000000000000000000e+00 5.437502743658977522e+01
9.000000000000000000e+00 1.003191622665758942e+01
1.100000000000000000e+01 6.182183290178107171e+01
1.300000000000000000e+01 9.999999999999999547e-07
1.400000000000000000e+01 8.877999568834324506e+00
1.600000000000000000e+01 1.139923135842467872e+01
1.700000000000000000e+01 9.999999999999999547e-07
1.900000000000000000e+01 9.999999999999999547e-07
2.100000000000000000e+01 9.999999999999999547e-07
2.200000000000000000e+01 3.264896366324880717e+01
2.400000000000000000e+01 9.999999999999999547e-07
2.500000000000000000e+01 9.999999999999999547e-07
2.700000000000000000e+01 4.389431327364881952e+01
2.800000000000000000e+01 1.875403973928229462e+01
3.000000000000000000e+01 2.394378593717573267e+01
