0.000000000000000000e+00 1.744522656519215786e+02
2.000000000000000000e+00 1.301119134162883881e+02
3.000000000000000000e+00 1.298481922990871738e+02
5.000000000000000000e+00 4.868414193507938847e+01
6.000000000000000000e+00 2.629085506202758893e+01
8.000000000000000000e+00 4.045325925667947331e+01
9.000000000000000000e+00 2.382290695011392501e+01
1.100000000000000000e+01 8.863887191088046791e+00
1.300000000000000000e+01 2.745642424331200004e+01
1.400000000000000000e+01 6.330590509395573662e+00
1.600000000000000000e+01 7.357878712407689648e+01
1.700000000000000000e+01 4.276689332348888151e+00
1.900000000000000000e+01 5.271764659616158610e+01
2.100000000000000000e+01 2.944831950817984989e+01
2.200000000000000000e+01 3.673711373584656315e+01
2.400000000000000000e+01 2.020285166309293601e+01
2.500000000000000000e+01 5.549198417686602269e+00
2.700000000000000000e+01 1.214668187996080562e+01
2.800000000000000000e+01 9.999999999999999547e-07
3.000000000000000000e+01 2.372146559159294554e+01
