0.000000000000000000e+00 1.703230631197701825e+02
2.000000000000000000e+00 2.428675039898042201e+02
3.000000000000000000e+00 2.396748543628098957e+02
5.000000000000000000e+00 1.705479398705886069e+02
6.000000000000000000e+00 1.076012359764276880e+02
8.000000000000000000e+00 1.177891972030734848e+02
9.000000000000000000e+00 6.248752490170220852e+01
1.100000000000000000e+01 3.094510487948731381e+01
1.300000000000000000e+01 3.078852623983567938e+01
1.400000000000000000e+01 2.261745649459796681e+01
1.600000000000000000e+01 2.604044185903194730e+01
1.700000000000000000e+01 1.531392075344873227e+01
1.900000000000000000e+01 1.282622025424473300e+01
2.100000000000000000e+01 3.802816145256214497e+01
2.200000000000000000e+01 3.879850833841599211e+01
2.400000000000000000e+01 2.705305695184647874e+01
2.500000000000000000e+01 7.332118813570141391e+00
2.700000000000000000e+01 9.999999999999999547e-07
2.800000000000000000e+01 3.832145431338127572e+00
3.000000000000000000e+01 8.537270466423569459e+00
