0.000000000000000000e+00 1.183483293591268932e+02
2.000000000000000000e+00 6.954244437868828754e+01
3.000000000000000000e+00 9.292849050433338221e+01
5.000000000000000000e+00 9.680266007057532818e+01
6.000000000000000000e+00 7.900950809872716718e+01
8.000000000000000000e+00 1.973688468256109019e+01
9.000000000000000000e+00 3.534312797517353033e+01
1.100000000000000000e+01 9.999999999999999547e-07
1.300000000000000000e+01 1.014069114336627919e+01
1.400000000000000000e+01 4.177960196855361374e+01
1.600000000000000000e+01 1.565016553321264148e+01
1.700000000000000000e+01 9.999999999999999547e-07
1.900000000000000000e+01 9.999999999999999547e-07
2.100000000000000000e+01 9.999999999999999547e-07
2.200000000000000000e+01 4.288576957416322699e+01
2.400000000000000000e+01 1.362856956160668176e+01
2.500000000000000000e+01 1.151490321484894253e+01
2.700000000000000000e+01 9.999999999999999547e-07
2.800000000000000000e+01 1.073831858900773462e+01
3.000000000000000000e+01 9.999999999999999547e-07
