0.000000000000000000e+00 1.948689402854222976e+02
2.000000000000000000e+00 1.239250748287452097e+02
3.000000000000000000e+00 1.339556218081295640e+02
5.000000000000000000e+00 1.044168833024655356e+02
6.000000000000000000e+00 2.066692591783404254e+01
8.000000000000000000e+00 4.912516621908369530e+01
9.000000000000000000e+00 4.091701239764381626e+01
1.100000000000000000e+01 4.166755419833024376e+01
1.300000000000000000e+01 9.999999999999999547e-07
1.400000000000000000e+01 9.999999999999999547e-07
1.600000000000000000e+01 4.792175076301538184e+01
1.700000000000000000e+01 2.579062195965817139e+01
1.900000000000000000e+01 3.230947752479129775e+01
2.100000000000000000e+01 6.501580482922439330e+01
2.200000000000000000e+01 2.696897170734758475e+01
2.400000000000000000e+01 9.999999999999999547e-07
2.500000000000000000e+01 1.993992716994268477e+01
2.700000000000000000e+01 4.853412828857607764e+01
2.800000000000000000e+01 1.858589318192314011e+01
3.000000000000000000e+01 2.308514265970066504e+01
