0.000000000000000000e+00 7.610235602897341778e+01
2.000000000000000000e+00 9.383543589909835703e+01
3.000000000000000000e+00 7.481510653875339756e+01
5.000000000000000000e+00 6.440047855179003022e+01
6.000000000000000000e+00 8.954737597087773793e+01
8.000000000000000000e+00 1.704682553520675015e+01
9.000000000000000000e+00 5.932432777426638992e+00
1.100000000000000000e+01 4.559127116071809382e+01
1.300000000000000000e+01 9.999999999999999547e-07
1.400000000000000000e+01 4.900440819848481055e+01
1.600000000000000000e+01 1.016150782376841200e+00
1.700000000000000000e+01 8.012767956079454024e+00
1.900000000000000000e+01 2.288587629522221079e+01
2.100000000000000000e+01 3.448953642053492530e+01
2.200000000000000000e+01 2.917955795716239820e+01
2.400000000000000000e+01 9.999999999999999547e-07
2.500000000000000000e+01 9.999999999999999547e-07
2.700000000000000000e+01 1.221645723535380235e+01
2.800000000000000000e+01 7.202005009415557879e+00
3.000000000000000000e+01 9.999999999999999547e-07
