0.000000000000000000e+00 1.406037518671066948e+02
2.000000000000000000e+00 1.401010773563266412e+02
3.000000000000000000e+00 1.461045306909271631e+02
5.000000000000000000e+00 8.932947791377969793e+01
6.000000000000000000e+00 6.072330847058924519e+01
8.000000000000000000e+00 7.398407801750727231e+01
9.000000000000000000e+00 8.902946122012244246e+01
1.100000000000000000e+01 3.175819754120127669e+01
1.300000000000000000e+01 1.278719736663244078e+01
1.400000000000000000e+01 2.690591911133932967e+01
1.600000000000000000e+01 3.708636998944527363e+00
1.700000000000000000e+01 1.825070254503854272e+01
1.900000000000000000e+01 3.630564624038104427e+01
2.100000000000000000e+01 2.170534700301597297e+01
2.200000000000000000e+01 5.464967237948614809e+01
2.400000000000000000e+01 2.881562510414261524e+01
2.500000000000000000e+01 3.808651511632366748e+01
2.700000000000000000e+01 2.413562613409770918e+01
2.800000000000000000e+01 6.188365010653490117e+01
3.000000000000000000e+01 9.999999999999999547e-07
