0.000000000000000000e+00 1.843087108437528059e+02
2.000000000000000000e+00 1.406715983134747887e+02
3.000000000000000000e+00 1.635398055930806720e+02
5.000000000000000000e+00 1.439770631011078024e+02
6.000000000000000000e+00 8.901887416266767161e+01
8.000000000000000000e+00 1.054528181182225381e+02
9.000000000000000000e+00 3.096882311289532197e+01
1.100000000000000000e+01 1.205154195202093064e+02
1.300000000000000000e+01 1.112019341249692985e+02
1.400000000000000000e+01 1.457566255889362310e+02
1.600000000000000000e+01 5.564730731331773228e+01
1.700000000000000000e+01 9.692384113551982239e+01
1.900000000000000000e+01 8.077609227014757209e+01
2.100000000000000000e+01 5.411253383582234022e+01
2.200000000000000000e+01 4.207026882477613583e+01
2.400000000000000000e+01 5.574525194791704052e+01
2.500000000000000000e+01 1.092500088212521518e+02
2.700000000000000000e+01 1.069819896587757455e+02
2.800000000000000000e+01 5.121427947419942228e+01
3.000000000000000000e+01 7.497213600708984416e+01
