0.000000000000000000e+00 2.598360349065334844e+02
2.000000000000000000e+00 2.462213375673922258e+02
3.000000000000000000e+00 2.076542743213918243e+02
5.000000000000000000e+00 1.013252597523388374e+02
6.000000000000000000e+00 1.712398775098289150e+02
8.000000000000000000e+00 1.118845114137079975e+02
9.000000000000000000e+00 7.385108859220345323e+01
1.100000000000000000e+01 9.221824169149795125e+01
1.300000000000000000e+01 1.013974357764239898e+02
1.400000000000000000e+01 3.168889275746123602e+01
1.600000000000000000e+01 7.498543107618961301e+01
1.700000000000000000e+01 7.404527126623631261e+01
1.900000000000000000e+01 1.890246752151312748e+01
2.100000000000000000e+01 4.087558608679474048e+01
2.200000000000000000e+01 2.507711933950914585e+01
2.400000000000000000e+01 3.863674051741179483e+01
2.500000000000000000e+01 5.329921030696915807e+01
2.700000000000000000e+01 8.227315209025343279e+01
2.800000000000000000e+01 3.445778828618445289e+01
3.000000000000000000e+01 1.843086886232553923e+01
