0.000000000000000000e+00 2.838163388673003737e+02
2.000000000000000000e+00 1.596946068493000439e+02
3.000000000000000000e+00 2.018982096440360010e+02
5.000000000000000000e+00 1.386485969333997730e+02
6.000000000000000000e+00 8.930715317632002836e+01
8.000000000000000000e+00 9.101049579890357677e+01
9.000000000000000000e+00 1.055439680958169220e+02
1.100000000000000000e+01 1.238407917453177589e+02
1.300000000000000000e+01 9.905732917436287721e+01
1.400000000000000000e+01 9.170406665504305010e+01
1.600000000000000000e+01 7.960876042982330603e+01
1.700000000000000000e+01 3.290665813915226323e+01
1.900000000000000000e+01 1.418695703039398097e+02
2.100000000000000000e+01 9.126273119505249554e+01
2.200000000000000000e+01 1.011841452905523511e+02
2.400000000000000000e+01 1.284105213941757313e+02
2.500000000000000000e+01 1.279481130252176229e+02
2.700000000000000000e+01 1.289257279216146230e+02
2.800000000000000000e+01 1.560512725314927138e+02
3.000000000000000000e+01 1.645596166284733215e+02
