0.000000000000000000e+00 2.008511258335701655e+02
2.000000000000000000e+00 1.847675430682713227e+02
3.000000000000000000e+00 1.640354241402269793e+02
5.000000000000000000e+00 7.846708684901881270e+01
6.000000000000000000e+00 1.408757601590460808e+02
8.000000000000000000e+00 1.419359627291055403e+01
9.000000000000000000e+00 6.039845346388796798e+01
1.100000000000000000e+01 5.782355815500763185e+01
1.300000000000000000e+01 7.435391441708182469e+01
1.400000000000000000e+01 8.690349188011207104e+01
1.600000000000000000e+01 6.681842627560051540e+01
1.700000000000000000e+01 3.646651374578222260e+01
1.900000000000000000e+01 5.321238027103161983e+01
2.100000000000000000e+01 1.515305277661973093e+01
2.200000000000000000e+01 8.536993825844461981e+01
2.400000000000000000e+01 4.687991228682216160e+01
2.500000000000000000e+01 3.346902628075693542e+01
2.700000000000000000e+01 3.424995131990351638e+01
2.800000000000000000e+01 5.716409192684585605e+01
3.000000000000000000e+01 5.471743781030908593e+01
