0.000000000000000000e+00 1.985463879240004701e+02
2.000000000000000000e+00 2.195901849667975796e+02
3.000000000000000000e+00 2.168846967424262004e+02
5.000000000000000000e+00 1.078234392321953976e+02
6.000000000000000000e+00 1.701939486897833262e+02
8.000000000000000000e+00 9.087847481035389308e+01
9.000000000000000000e+00 8.225017447972111029e+01
1.100000000000000000e+01 1.079458148203214733e+02
1.300000000000000000e+01 6.250027118068973664e+01
1.400000000000000000e+01 5.507781065810144128e+01
1.600000000000000000e+01 1.433090286844704053e+01
1.700000000000000000e+01 8.889087219247511484e+01
1.900000000000000000e+01 2.223903670424385837e+01
2.100000000000000000e+01 2.047757916641755571e+01
2.200000000000000000e+01 1.103011782299186905e+01
2.400000000000000000e+01 5.897979852317283900e+01
2.500000000000000000e+01 1.020658870421983977e+01
2.700000000000000000e+01 9.375982416716881573e+01
2.800000000000000000e+01 5.241621197224307593e+01
3.000000000000000000e+01 4.749172088962092886e+01
