0.000000000000000000e+00 1.323977446605529451e+02
2.000000000000000000e+00 9.450548785356947690e+01
3.000000000000000000e+00 1.063572158686713038e+02
5.000000000000000000e+00 5.090864685303044723e+01
6.000000000000000000e+00 4.587562429028618283e+01
8.000000000000000000e+00 2.738536706921972907e+01
9.000000000000000000e+00 1.791008429647429523e+01
1.100000000000000000e+01 2.338654900392970859e+01
1.300000000000000000e+01 1.934494241315650953e+00
1.400000000000000000e+01 9.999999999999999547e-07
1.600000000000000000e+01 9.352779120752114039e+00
1.700000000000000000e+01 9.999999999999999547e-07
1.900000000000000000e+01 9.999999999999999547e-07
2.100000000000000000e+01 2.559642667220052203e+01
2.200000000000000000e+01 9.999999999999999547e-07
2.400000000000000000e+01 9.999999999999999547e-07
2.500000000000000000e+01 4.039358237840956711e+00
2.700000000000000000e+01 9.999999999999999547e-07
2.800000000000000000e+01 9.999999999999999547e-07
3.000000000000000000e+01 1.417312043826871104e+01
