0.000000000000000000e+00 2.209395147776685917e+02
2.000000000000000000e+00 1.561454016352715826e+02
3.000000000000000000e+00 1.733810133224971253e+02
5.000000000000000000e+00 8.995632691005300785e+01
6.000000000000000000e+00 8.720416688621409662e+01
8.000000000000000000e+00 9.192158193515706444e+01
9.000000000000000000e+00 7.009215124883456838e+01
1.100000000000000000e+01 6.655385677940265055e+01
1.300000000000000000e+01 2.507237122696088960e+01
1.400000000000000000e+01 5.359386548746392975e+01
1.600000000000000000e+01 6.155668522162629586e+01
1.700000000000000000e+01 4.464625571951391692e+01
1.900000000000000000e+01 9.999999999999999547e-07
2.100000000000000000e+01 2.872929871147984215e+01
2.200000000000000000e+01 2.781345264623096369e+01
2.400000000000000000e+01 4.623253459380173069e+00
2.500000000000000000e+01 9.999999999999999547e-07
2.700000000000000000e+01 3.750723807915157693e+00
2.800000000000000000e+01 5.553689187252727777e+01
3.000000000000000000e+01 2.984863550498263862e+01
