0.000000000000000000e+00 1.553767841902268856e+02
2.000000000000000000e+00 2.223847125904698032e+02
3.000000000000000000e+00 2.110472314543071093e+02
5.000000000000000000e+00 1.582636117334083679e+02
6.000000000000000000e+00 1.126309041727673446e+02
8.000000000000000000e+00 1.252984892190200128e+02
9.000000000000000000e+00 1.032694221140121158e+02
1.100000000000000000e+01 1.015218936058347481e+02
1.300000000000000000e+01 1.418366032211159222e+02
1.400000000000000000e+01 8.442030506494336350e+01
1.600000000000000000e+01 1.025090426369566075e+02
1.700000000000000000e+01 6.383319524297943559e+01
1.900000000000000000e+01 1.064884676488049422e+02
2.100000000000000000e+01 1.183475714985862481e+02
2.200000000000000000e+01 1.036804156962159311e+02
2.400000000000000000e+01 8.226693340108208474e+01
2.500000000000000000e+01 1.275199130834087953e+02
2.700000000000000000e+01 1.404802663684414199e+02
2.800000000000000000e+01 1.497653352163495697e+02
3.000000000000000000e+01 1.614245874476931419e+02
