0.000000000000000000e+00 1.217236699999999985e+02
1.000000000000000000e+00 1.339900800000000061e+02
2.000000000000000000e+00 1.573642399999999952e+02
3.000000000000000000e+00 1.952954400000000135e+02
4.000000000000000000e+00 2.159173900000000117e+02
5.000000000000000000e+00 2.578583699999999794e+02
6.000000000000000000e+00 2.830364599999999768e+02
7.000000000000000000e+00 3.377923033333329954e+02
1.100000000000000000e+01 3.813215999999999894e+02
1.300000000000000000e+01 4.208981600000000185e+02
1.500000000000000000e+01 5.305783599999999751e+02
1.800000000000000000e+01 6.997228333333330283e+02
2.000000000000000000e+01 8.746653166666669676e+02
2.200000000000000000e+01 1.005211339999999950e+03
2.500000000000000000e+01 1.373552179999999908e+03
2.700000000000000000e+01 1.697451029999999946e+03
2.900000000000000000e+01 1.812073066666670002e+03
3.200000000000000000e+01 2.006757253333330027e+03
3.400000000000000000e+01 2.227751499999999851e+03
3.600000000000000000e+01 2.291572000000000116e+03
3.900000000000000000e+01 2.411896799999999985e+03
