0.000000000000000000e+00 8.473589066924999713e+01
2.000000000000000000e+00 1.641426550653672223e+02
3.000000000000000000e+00 1.193558175823260825e+02
5.000000000000000000e+00 1.546733755768491392e+02
6.000000000000000000e+00 1.813203039657375086e+02
8.000000000000000000e+00 2.252011448770284971e+02
9.000000000000000000e+00 2.371434925876594377e+02
1.100000000000000000e+01 2.331577084432213098e+02
1.300000000000000000e+01 2.087080105284122169e+02
1.400000000000000000e+01 2.828322401847249807e+02
1.600000000000000000e+01 2.968595395402022632e+02
1.700000000000000000e+01 3.103144547726025166e+02
1.900000000000000000e+01 4.028125622842081839e+02
2.100000000000000000e+01 4.561015458665310121e+02
2.200000000000000000e+01 4.345658628539757729e+02
2.400000000000000000e+01 5.342074808855791161e+02
2.500000000000000000e+01 4.627326149492065497e+02
2.700000000000000000e+01 5.239286226777038564e+02
2.800000000000000000e+01 5.665530636707611620e+02
3.000000000000000000e+01 5.444874504896930603e+02
