0.000000000000000000e+00 1.020782600000000002e+02
1.000000000000000000e+00 1.656193000000000097e+02
2.000000000000000000e+00 2.017136000000000138e+02
3.000000000000000000e+00 2.626939699999999789e+02
4.000000000000000000e+00 2.781207899999999995e+02
5.000000000000000000e+00 2.991917599999999879e+02
6.000000000000000000e+00 2.935899999999999750e+02
7.000000000000000000e+00 2.990614499999999794e+02
9.000000000000000000e+00 3.037908133333330056e+02
1.100000000000000000e+01 3.444344500000000266e+02
1.400000000000000000e+01 4.410396900000000073e+02
1.700000000000000000e+01 4.628108799999999974e+02
2.000000000000000000e+01 6.838778700000000299e+02
2.300000000000000000e+01 8.780381999999999607e+02
2.600000000000000000e+01 1.679110813333330043e+03
