0.000000000000000000e+00 1.797679332863094146e+02
2.000000000000000000e+00 2.070414296310053146e+02
3.000000000000000000e+00 1.273602258776961946e+02
5.000000000000000000e+00 1.882537797808479070e+02
6.000000000000000000e+00 1.320678203351906177e+02
8.000000000000000000e+00 2.370748633836165027e+02
9.000000000000000000e+00 2.473192225180585808e+02
1.100000000000000000e+01 2.454864301993648041e+02
1.300000000000000000e+01 2.608489003835864537e+02
1.400000000000000000e+01 3.518336589386546507e+02
1.600000000000000000e+01 4.017060995758038189e+02
1.700000000000000000e+01 3.515946957349102604e+02
1.900000000000000000e+01 4.622940367399029356e+02
2.100000000000000000e+01 4.622237510948484669e+02
2.200000000000000000e+01 4.266153258823823649e+02
2.400000000000000000e+01 4.938319704589377466e+02
2.500000000000000000e+01 5.557095329391321457e+02
2.700000000000000000e+01 5.635165308804023425e+02
2.800000000000000000e+01 7.057174203537132371e+02
3.000000000000000000e+01 7.239329907931173693e+02
