0.000000000000000000e+00 1.619163706303926062e+02
2.000000000000000000e+00 1.351527021980764118e+02
3.000000000000000000e+00 1.973303490004721255e+02
5.000000000000000000e+00 2.196778060925626335e+02
6.000000000000000000e+00 2.320675078316980091e+02
8.000000000000000000e+00 2.708022111806225780e+02
9.000000000000000000e+00 3.673001147781974964e+02
1.100000000000000000e+01 3.915306567701014160e+02
1.300000000000000000e+01 3.948514944555190596e+02
1.400000000000000000e+01 3.664697891643719458e+02
1.600000000000000000e+01 4.682902416764329701e+02
1.700000000000000000e+01 5.136626568360904912e+02
1.900000000000000000e+01 5.495536321275242244e+02
2.100000000000000000e+01 6.398710344531152714e+02
2.200000000000000000e+01 5.432732897843324054e+02
2.400000000000000000e+01 7.193184063656152603e+02
2.500000000000000000e+01 6.455156988961733759e+02
2.700000000000000000e+01 7.349167642386358921e+02
2.800000000000000000e+01 7.780790486524780363e+02
3.000000000000000000e+01 7.964869422160051045e+02
