0.000000000000000000e+00 2.188409636430202454e+02
2.000000000000000000e+00 2.099327918755017208e+02
3.000000000000000000e+00 2.377742177114827768e+02
5.000000000000000000e+00 2.744012211220143058e+02
6.000000000000000000e+00 2.876759191238875246e+02
8.000000000000000000e+00 2.797624496927335258e+02
9.000000000000000000e+00 3.144265146802426898e+02
1.100000000000000000e+01 3.652040081039521624e+02
1.300000000000000000e+01 4.038290386302650745e+02
1.400000000000000000e+01 4.093609647146737984e+02
1.600000000000000000e+01 4.801596297538185354e+02
1.700000000000000000e+01 5.496269757779679139e+02
1.900000000000000000e+01 5.256875600561230613e+02
2.100000000000000000e+01 4.966523191902188614e+02
2.200000000000000000e+01 6.904673004408563202e+02
2.400000000000000000e+01 7.219018497115654327e+02
2.500000000000000000e+01 6.991629906271855361e+02
2.700000000000000000e+01 7.430337570279317561e+02
2.800000000000000000e+01 6.751911606993547821e+02
3.000000000000000000e+01 7.713670417245645012e+02
