0.000000000000000000e+00 1.783571129043306200e+02
2.000000000000000000e+00 1.620680711150349111e+02
3.000000000000000000e+00 1.988078237644510295e+02
5.000000000000000000e+00 2.300779325843306538e+02
6.000000000000000000e+00 2.662847659150614845e+02
8.000000000000000000e+00 3.089145583308030609e+02
9.000000000000000000e+00 3.396253466203065159e+02
1.100000000000000000e+01 3.505628588024061969e+02
1.300000000000000000e+01 3.780532497737628432e+02
1.400000000000000000e+01 4.248612024540861967e+02
1.600000000000000000e+01 5.172907129828148527e+02
1.700000000000000000e+01 4.729808682091471042e+02
1.900000000000000000e+01 5.505667133670807516e+02
2.100000000000000000e+01 6.079152673591181610e+02
2.200000000000000000e+01 6.548163886308468591e+02
2.400000000000000000e+01 5.660319191043524825e+02
2.500000000000000000e+01 7.181874538701713391e+02
2.700000000000000000e+01 8.009644387224400361e+02
2.800000000000000000e+01 8.015190922657792498e+02
3.000000000000000000e+01 6.754922042096252426e+02
