0.000000000000000000e+00 2.199877316150616480e+02
2.000000000000000000e+00 2.099951021141718002e+02
3.000000000000000000e+00 3.014254686153046805e+02
5.000000000000000000e+00 2.496442951669803563e+02
6.000000000000000000e+00 2.866444820539944658e+02
8.000000000000000000e+00 3.316177754745755806e+02
9.000000000000000000e+00 3.622689449905217884e+02
1.100000000000000000e+01 4.100714819182961719e+02
1.300000000000000000e+01 4.313083669869065488e+02
1.400000000000000000e+01 3.956162056874392761e+02
1.600000000000000000e+01 4.123768914496282605e+02
1.700000000000000000e+01 4.199382108494310728e+02
1.900000000000000000e+01 5.208751827041869547e+02
2.100000000000000000e+01 5.679383471615024064e+02
2.200000000000000000e+01 5.206927325420639363e+02
2.400000000000000000e+01 5.877620829552464556e+02
2.500000000000000000e+01 6.358407853619322623e+02
2.700000000000000000e+01 6.124332969299382512e+02
2.800000000000000000e+01 5.652325061274117388e+02
3.000000000000000000e+01 7.537865133913282989e+02
