0.000000000000000000e+00 1.346212551069845631e+02
2.000000000000000000e+00 1.477046858676631587e+02
3.000000000000000000e+00 9.910917808454453848e+01
5.000000000000000000e+00 1.549073810211301634e+02
6.000000000000000000e+00 1.599789589461581159e+02
8.000000000000000000e+00 1.353249691472274776e+02
9.000000000000000000e+00 1.900072658899716487e+02
1.100000000000000000e+01 2.052145307197098703e+02
1.300000000000000000e+01 2.545612390456018375e+02
1.400000000000000000e+01 2.568127343293623994e+02
1.600000000000000000e+01 3.179826118260057797e+02
1.700000000000000000e+01 3.133914174656598561e+02
1.900000000000000000e+01 3.337876189133501157e+02
2.100000000000000000e+01 3.386462398077511580e+02
2.200000000000000000e+01 4.107707006688249862e+02
2.400000000000000000e+01 4.080797782917435370e+02
2.500000000000000000e+01 3.494786217735208993e+02
2.700000000000000000e+01 4.763410288902657612e+02
2.800000000000000000e+01 4.329156214565394976e+02
3.000000000000000000e+01 4.223446970508334175e+02
