0.000000000000000000e+00 2.135568271771031448e+02
2.000000000000000000e+00 1.679762271824447168e+02
3.000000000000000000e+00 3.190744679985411381e+02
5.000000000000000000e+00 3.303242205731178842e+02
6.000000000000000000e+00 3.275870505293717088e+02
8.000000000000000000e+00 4.367478598795952962e+02
9.000000000000000000e+00 4.018719900415443931e+02
1.100000000000000000e+01 4.050533282770953747e+02
1.300000000000000000e+01 4.669757513833962435e+02
1.400000000000000000e+01 4.357414594677647415e+02
1.600000000000000000e+01 5.511367141080847887e+02
1.700000000000000000e+01 6.039247122986784007e+02
1.900000000000000000e+01 5.605825307823430421e+02
2.100000000000000000e+01 4.051512421150607111e+02
2.200000000000000000e+01 5.415544472745081066e+02
2.400000000000000000e+01 6.459399376750725423e+02
2.500000000000000000e+01 7.649415677677669692e+02
2.700000000000000000e+01 7.190054716439707363e+02
2.800000000000000000e+01 7.860163492362190709e+02
3.000000000000000000e+01 6.430122048182870458e+02
